         0   0.050000   0.000000
         1   0.150000   0.000000
         2   0.250000   0.000000
         3   0.350000   0.000000
         4   0.450000   0.000000
         5   0.550000   0.000000
         6   0.650000   0.000000
         7   0.750000   0.000000
         8   0.850000   0.000000
         9   0.950000   0.000000
        10   1.050000   0.000000
        11   1.150000   0.000000
        12   1.250000   0.000000
        13   1.350000   0.000000
        14   1.450000   0.000000
        15   1.550000   0.000000
        16   1.650000   0.000000
        17   1.750000   0.000000
        18   1.850000   0.000000
        19   1.950000   0.000000
        20   2.050000   0.000000
        21   2.150000   0.000000
        22   2.250000   0.000000
        23   2.350000   0.000000
        24   2.450000   0.000000
        25   2.550000   0.000000
        26   2.650000   0.000000
        27   2.750000   0.000000
        28   2.850000   0.000000
        29   2.950000   0.000000
        30   3.050000   0.000000
        31   3.150000   0.000000
        32   3.250000   0.000000
        33   3.350000   0.000000
        34   3.450000   0.000000
        35   3.550000   0.000000
        36   3.650000   0.000000
        37   3.750000   0.000000
        38   3.850000   0.000000
        39   3.950000  27.452223
        40   4.050000   0.000000
        41   4.150000   0.000000
        42   4.250000   0.000000
        43   4.350000   0.000000
        44   4.450000   0.000000
        45   4.550000   0.000000
        46   4.650000   0.000000
        47   4.750000   0.000000
        48   4.850000   0.000000
        49   4.950000   0.000000
        50   5.050000   0.000000
        51   5.150000   0.000000
        52   5.250000   0.000000
        53   5.350000   0.000000
        54   5.450000   0.000000
        55   5.550000   0.000000
        56   5.650000   6.708983
        57   5.750000   0.000000
        58   5.850000   0.000000
        59   5.950000   0.000000
        60   6.050000   0.000000
        61   6.150000   0.000000
        62   6.250000   0.000000
        63   6.350000   0.000000
        64   6.450000   0.000000
        65   6.550000   0.000000
        66   6.650000   0.000000
        67   6.750000   0.000000
        68   6.850000   0.000000
        69   6.950000  17.735678
        70   7.050000   0.000000
        71   7.150000   0.000000
        72   7.250000   0.000000
        73   7.350000   0.000000
        74   7.450000   0.000000
        75   7.550000   0.000000
        76   7.650000   0.000000
        77   7.750000   0.000000
        78   7.850000   0.000000
        79   7.950000   6.777272
        80   8.050000   0.000000
        81   8.150000   0.000000
        82   8.250000   0.000000
        83   8.350000   0.000000
        84   8.450000   0.000000
        85   8.550000   0.000000
        86   8.650000   0.000000
        87   8.750000   0.000000
        88   8.850000   0.000000
        89   8.950000  10.694840
        90   9.050000   0.000000
        91   9.150000   0.000000
        92   9.250000   0.000000
        93   9.350000   0.000000
        94   9.450000   0.000000
        95   9.550000   0.000000
        96   9.650000   0.000000
        97   9.750000   3.003936
        98   9.850000   0.000000
        99   9.950000   0.000000
       100  10.050000   0.000000
       101  10.150000   0.000000
       102  10.250000   0.000000
       103  10.350000   0.000000
       104  10.450000   0.000000
       105  10.550000  15.393831
       106  10.650000   0.000000
       107  10.750000   0.000000
       108  10.850000   0.000000
       109  10.950000   0.000000
       110  11.050000   0.000000
       111  11.150000   0.000000
       112  11.250000   1.692221
       113  11.350000   0.000000
       114  11.450000   0.000000
       115  11.550000   0.000000
       116  11.650000   0.000000
       117  11.750000   0.000000
       118  11.850000   0.000000
       119  11.950000   8.998659
       120  12.050000   0.000000
       121  12.150000   0.000000
       122  12.250000   0.000000
       123  12.350000   0.000000
       124  12.450000   0.000000
       125  12.550000   0.000000
       126  12.650000   5.353547
       127  12.750000   0.000000
       128  12.850000   0.000000
       129  12.950000   0.000000
       130  13.050000   0.000000
       131  13.150000   0.000000
       132  13.250000   4.879677
       133  13.350000   0.000000
       134  13.450000   0.000000
       135  13.550000   0.000000
       136  13.650000   0.000000
       137  13.750000   0.000000
       138  13.850000   4.466049
       139  13.950000   0.000000
       140  14.050000   0.000000
       141  14.150000   0.000000
       142  14.250000   0.000000
       143  14.350000  12.480747
       144  14.450000   0.000000
       145  14.550000   0.000000
       146  14.650000   0.000000
       147  14.750000   0.000000
       148  14.850000   0.000000
       149  14.950000   0.000000
       150  15.050000   0.000000
       151  15.150000   0.000000
       152  15.250000   0.000000
       153  15.350000   0.000000
       154  15.450000   7.177884
       155  15.550000   0.000000
       156  15.650000   0.000000
       157  15.750000   0.000000
       158  15.850000   0.000000
       159  15.950000   1.683729
       160  16.050000   0.000000
       161  16.150000   0.000000
       162  16.250000   0.000000
       163  16.350000   0.000000
       164  16.450000   6.331721
       165  16.550000   0.000000
       166  16.650000   0.000000
       167  16.750000   0.000000
       168  16.850000   0.000000
       169  16.950000   3.727299
       170  17.050000   0.000000
       171  17.150000   0.000000
       172  17.250000   0.000000
       173  17.350000   8.537800
       174  17.450000   0.000000
       175  17.550000   0.000000
       176  17.650000   0.000000
       177  17.750000   0.000000
       178  17.850000   2.688731
       179  17.950000   0.000000
       180  18.050000   0.000000
       181  18.150000   0.000000
       182  18.250000   5.144321
       183  18.350000   0.000000
       184  18.450000   0.000000
       185  18.550000   0.000000
       186  18.650000   0.000000
       187  18.750000   2.436808
       188  18.850000   0.000000
       189  18.950000   0.000000
       190  19.050000   0.000000
       191  19.150000   4.672145
       192  19.250000   0.000000
       193  19.350000   0.000000
       194  19.450000   0.000000
       195  19.550000   0.747152
       196  19.650000   0.000000
       197  19.750000   0.000000
       198  19.850000   0.000000
       199  19.950000   7.533664
       200  20.050000   0.000000
       201  20.150000   0.000000
       202  20.250000   0.000000
       203  20.350000   2.068689
       204  20.450000   0.000000
       205  20.550000   0.000000
       206  20.650000   0.000000
       207  20.750000   7.958805
       208  20.850000   0.000000
       209  20.950000   0.000000
       210  21.050000   0.000000
       211  21.150000   3.830305
       212  21.250000   0.000000
       213  21.350000   0.000000
       214  21.450000   1.861956
       215  21.550000   0.000000
       216  21.650000   0.000000
       217  21.750000   0.000000
       218  21.850000   0.000000
       219  21.950000   0.000000
       220  22.050000   0.000000
       221  22.150000   0.000000
       222  22.250000   6.921881
       223  22.350000   0.000000
       224  22.450000   0.000000
       225  22.550000   0.421183
       226  22.650000   0.000000
       227  22.750000   0.000000
       228  22.850000   0.000000
       229  22.950000   6.506071
       230  23.050000   0.000000
       231  23.150000   0.000000
       232  23.250000   3.169628
       233  23.350000   0.000000
       234  23.450000   0.000000
       235  23.550000   3.089388
       236  23.650000   0.000000
       237  23.750000   0.000000
       238  23.850000   0.000000
       239  23.950000   2.240291
       240  24.050000   0.000000
       241  24.150000   0.000000
       242  24.250000   7.284015
       243  24.350000   0.000000
       244  24.450000   0.000000
       245  24.550000   1.421416
       246  24.650000   0.000000
       247  24.750000   0.000000
       248  24.850000   0.000000
       249  24.950000   2.752411
