bin                 q                   Fx                  Icoh               
0                   0.025000            0.351215            -2.340324           -1049.797799       
1                   0.075000            1.053659            -1.955670           -748.074719        
2                   0.125000            1.756142            -1.366483           -286.532645        
3                   0.175000            2.458691            -0.825140           136.469890         
4                   0.225000            3.161333            -0.511791           380.123774         
5                   0.275000            3.864094            -0.446803           429.457745         
6                   0.325000            4.567000            -0.512290           377.291397         
7                   0.375000            5.270078            -0.559409           339.456649         
8                   0.425000            5.973354            -0.521415           367.031877         
9                   0.475000            6.676856            -0.453389           417.051076         
10                  0.525000            7.380610            -0.475726           397.750513         
11                  0.575000            8.084643            -0.668735           249.777512         
12                  0.625000            8.788982            -0.999421           0.434002           
13                  0.675000            9.493653            -1.335382           -249.429796        
14                  0.725000            10.198685           -1.534669           -394.654947        
15                  0.775000            10.904103           -1.543441           -397.946373        
16                  0.825000            11.609937           -1.427387           -310.355670        
17                  0.875000            12.316213           -1.312830           -225.189296        
18                  0.925000            13.022958           -1.282324           -201.387345        
19                  0.975000            13.730202           -1.305993           -216.219947        
20                  1.025000            14.437972           -1.265115           -185.516191        
21                  1.075000            15.146295           -1.054923           -38.048494         
22                  1.125000            15.855202           -0.689936           212.595069         
23                  1.175000            16.564719           -0.326119           457.189376         
24                  1.225000            17.274877           -0.170409           556.784555         
25                  1.275000            17.985704           -0.332181           443.304046         
26                  1.325000            18.697229           -0.722158           182.379891         
27                  1.375000            19.409483           -1.081584           -52.947360         
28                  1.425000            20.122494           -1.138220           -88.676259         
29                  1.475000            20.836293           -0.793467           130.966242         
30                  1.525000            21.550911           -0.212429           493.558359         
31                  1.575000            22.266378           0.255657            777.592151         
32                  1.625000            22.982726           0.288177            788.217042         
33                  1.675000            23.699984           -0.200382           483.398511         
34                  1.725000            24.418186           -0.988662           6.771272           
35                  1.775000            25.137364           -1.673586           -397.398318        
36                  1.825000            25.857549           -1.916858           -534.319539        
37                  1.875000            26.578774           -1.655202           -377.153077        
38                  1.925000            27.301074           -1.135422           -76.993787         
39                  1.975000            28.024481           -0.748378           141.293357         
40                  2.025000            28.749029           -0.769791           127.669222         
41                  2.075000            29.474753           -1.180280           -98.739032         
42                  2.125000            30.201689           -1.686109           -371.105563        
43                  2.175000            30.929871           -1.927287           -495.301125        
44                  2.225000            31.659335           -1.730951           -385.550569        
45                  2.275000            32.390118           -1.234161           -121.964269        
46                  2.325000            33.122258           -0.787712           109.183725         
47                  2.375000            33.855791           -0.704539           150.048875         
48                  2.425000            34.590756           -1.029026           -14.554768         
49                  2.475000            35.327192           -1.496057           -245.596533        
50                  2.525000            36.065138           -1.720146           -352.020860        
51                  2.575000            36.804634           -1.489554           -236.259601        
52                  2.625000            37.545722           -0.952905           22.438042          
53                  2.675000            38.288442           -0.544473           214.256157         
54                  2.725000            39.032837           -0.669524           153.442608         
55                  2.775000            39.778950           -1.349786           -160.315875        
56                  2.825000            40.526825           -2.086127           -491.360469        
57                  2.875000            41.276507           -2.078787           -481.702913        
58                  2.925000            42.028040           -0.716883           124.770257         
59                  2.975000            42.781471           1.948364            1282.340673        
60                  3.025000            43.536848           5.062908            2602.294591        
61                  3.075000            44.294218           7.304969            3517.560558        
62                  3.125000            45.053632           7.555360            3575.563149        
63                  3.175000            45.815138           5.539227            2696.553797        
64                  3.225000            46.578790           2.058030            1244.154897        
65                  3.275000            47.344638           -1.355341           -142.626823        
66                  3.325000            48.112736           -3.197404           -870.087446        
67                  3.375000            48.883140           -2.761301           -687.949033        
68                  3.425000            49.655905           -0.484225           198.712785         
69                  3.475000            50.431089           2.318681            1261.094865        
70                  3.525000            51.208750           4.179763            1941.252878        
71                  3.575000            51.988949           4.250562            1940.626128        
72                  3.625000            52.771746           2.690121            1344.976999        
73                  3.675000            53.557205           0.473560            529.608524         
74                  3.725000            54.345391           -1.234056           -82.946059         
75                  3.775000            55.136370           -1.749290           -261.811853        
76                  3.825000            55.930209           -1.193941           -66.811459         
77                  3.875000            56.726979           -0.307939           235.040822         
78                  3.925000            57.526752           0.093708            366.181526         
79                  3.975000            58.329600           -0.342524           216.995036         
80                  4.025000            59.135600           -1.315054           -102.496937        
81                  4.075000            59.944829           -2.118340           -358.620418        
82                  4.125000            60.757368           -2.151551           -363.966799        
83                  4.175000            61.573298           -1.338607           -105.481175        
84                  4.225000            62.392704           -0.182448           251.002393         
85                  4.275000            63.215674           0.576121            476.892003         
86                  4.325000            64.042297           0.461782            435.880134         
87                  4.375000            64.872667           -0.409950           173.385929         
88                  4.425000            65.706878           -1.407574           -118.020838        
89                  4.475000            66.545029           -1.814629           -232.449873        
90                  4.525000            67.387223           -1.332433           -93.471479         
91                  4.575000            68.233565           -0.313741           190.134187         
92                  4.625000            69.084162           0.444874            394.449003         
93                  4.675000            69.939129           0.235881            332.443929         
94                  4.725000            70.798580           -1.040079           -10.622794         
95                  4.775000            71.662637           -2.717704           -448.574221        
96                  4.825000            72.531425           -3.705294           -696.090259        
97                  4.875000            73.405072           -3.137385           -541.870220        
98                  4.925000            74.283712           -0.949447           12.627571          
99                  4.975000            75.167486           1.990895            736.088831         
100                 5.025000            76.056537           4.304946            1286.373126        
101                 5.075000            76.951016           4.851188            1397.935532        
102                 5.125000            77.851079           3.368825            1028.409438        
103                 5.175000            78.756888           0.635145            379.243282         
104                 5.225000            79.668613           -1.963494           -220.178023        
105                 5.275000            80.586429           -3.202289           -495.868140        
106                 5.325000            81.510521           -2.684236           -373.651034        
107                 5.375000            82.441081           -1.019089           -4.172861          
108                 5.425000            83.378309           0.579096            340.119622         
109                 5.475000            84.322414           1.029542            430.735775         
110                 5.525000            85.273616           0.021445            213.611993         
111                 5.575000            86.232145           -1.815977           -168.149027        
112                 5.625000            87.198240           -3.293970           -465.821511        
113                 5.675000            88.172155           -3.357794           -471.805246        
114                 5.725000            89.154154           -1.685221           -135.121134        
115                 5.775000            90.144516           1.144616            416.762716         
116                 5.825000            91.143535           3.983696            954.442469         
117                 5.875000            92.151519           5.732051            1270.624015        
118                 5.925000            93.168795           5.877873            1279.406288        
119                 5.975000            94.195706           4.673307            1040.133873        
120                 6.025000            95.232617           2.890740            703.069493         
121                 6.075000            96.279913           1.346117            417.872609         
122                 6.125000            97.338003           0.484582            260.640671         
123                 6.175000            98.407321           0.248648            216.091772         
124                 6.225000            99.488328           0.254360            213.991974         
125                 6.275000            100.581515          0.116394            187.753290         
126                 6.325000            101.687407          -0.300807           115.925615         
127                 6.375000            102.806564          -0.847533           24.922413          
128                 6.425000            103.939587          -1.252514           -40.695806         
129                 6.475000            105.087117          -1.343727           -54.619428         
130                 6.525000            106.249848          -1.167320           -26.216259         
131                 6.575000            107.428524          -0.935875           9.907370           
132                 6.625000            108.623951          -0.862606           20.933126          
133                 6.675000            109.836998          -1.010877           -1.634236          
134                 6.725000            111.068612          -1.264429           -39.183504         
135                 6.775000            112.319822          -1.428300           -62.595169         
136                 6.825000            113.591749          -1.376166           -54.224217         
137                 6.875000            114.885624          -1.132910           -18.897972         
138                 6.925000            116.202798          -0.836455           22.938429          
139                 6.975000            117.544760          -0.616063           53.122676          
140                 7.025000            118.913161          -0.486220           70.131893          
141                 7.075000            120.309835          -0.341597           88.669285          
142                 7.125000            121.736832          -0.060525           124.834831         
143                 7.175000            123.196454          0.360483            178.377130         
144                 7.225000            124.691300          0.748086            226.167762         
145                 7.275000            126.224327          0.827524            233.335117         
146                 7.325000            127.798915          0.396066            175.913536         
147                 7.375000            129.418964          -0.515750           60.223696          
148                 7.425000            131.089011          -1.606763           -74.481534         
149                 7.475000            132.814382          -2.428857           -173.132931        
150                 7.525000            134.601405          -2.606585           -192.169496        
151                 7.575000            136.457691          -2.025409           -121.086900        
152                 7.625000            138.392530          -0.879821           14.011240          
153                 7.675000            140.417463          0.440740            165.849224         
154                 7.725000            142.547122          1.552577            290.145735         
155                 7.775000            144.800537          2.243609            364.087563         
156                 7.825000            147.203232          2.515755            389.732994         
157                 7.875000            149.790834          2.500875            383.290249         
158                 7.925000            152.615740          2.326780            359.757160         
159                 7.975000            155.760812          2.031425            323.816098         
160                 8.025000            159.372018          1.576890            271.923031         
161                 8.075000            163.757393          0.936721            201.905663         
162                 8.125000            169.877623          0.177027            121.236080         
163                 8.175000            -1.000000           -0.540053           46.811217          
164                 8.225000            -1.000000           -1.040025           -4.025311          
165                 8.275000            -1.000000           -1.246897           -24.538836         
166                 8.325000            -1.000000           -1.235320           -23.115043         
167                 8.375000            -1.000000           -1.175980           -17.085633         
168                 8.425000            -1.000000           -1.203029           -19.484615         
169                 8.475000            -1.000000           -1.294186           -27.909860         
170                 8.525000            -1.000000           -1.255793           -23.991650         
171                 8.575000            -1.000000           -0.840886           14.755361          
172                 8.625000            -1.000000           0.062109            97.390803          
173                 8.675000            -1.000000           1.289683            207.618354         
174                 8.725000            -1.000000           2.415414            306.274409         
175                 8.775000            -1.000000           2.931776            348.713532         
176                 8.825000            -1.000000           2.515429            308.394555         
177                 8.875000            -1.000000           1.230573            193.566063         
178                 8.925000            -1.000000           -0.451455           47.091799          
179                 8.975000            -1.000000           -1.842609           -71.567408         
180                 9.025000            -1.000000           -2.350595           -113.502919        
181                 9.075000            -1.000000           -1.757119           -62.961472         
182                 9.125000            -1.000000           -0.321232           55.859573          
183                 9.175000            -1.000000           1.342787            190.814194         
184                 9.225000            -1.000000           2.548954            286.099016         
185                 9.275000            -1.000000           2.842528            306.625052         
186                 9.325000            -1.000000           2.177910            251.040242         
187                 9.375000            -1.000000           0.896863            148.349226         
188                 9.425000            -1.000000           -0.465632           41.378432          
189                 9.475000            -1.000000           -1.440012           -33.737943         
190                 9.525000            -1.000000           -1.816585           -62.002941         
191                 9.575000            -1.000000           -1.691008           -51.962182         
192                 9.625000            -1.000000           -1.357189           -26.603075         
193                 9.675000            -1.000000           -1.119080           -8.784939          
194                 9.725000            -1.000000           -1.125562           -9.176135          
195                 9.775000            -1.000000           -1.310583           -22.486307         
196                 9.825000            -1.000000           -1.459466           -32.958558         
197                 9.875000            -1.000000           -1.355282           -25.252134         
198                 9.925000            -1.000000           -0.920431           5.604219           
199                 9.975000            -1.000000           -0.275877           50.543494          
200                 10.025000           -1.000000           0.312352            90.786234          
201                 10.075000           -1.000000           0.568867            107.574192         
202                 10.125000           -1.000000           0.353845            92.019175          
203                 10.175000           -1.000000           -0.258435           49.966702          
204                 10.225000           -1.000000           -1.005993           -0.400363          
205                 10.275000           -1.000000           -1.553677           -36.672174         
206                 10.325000           -1.000000           -1.635764           -41.754351         
207                 10.375000           -1.000000           -1.157829           -10.279069         
208                 10.425000           -1.000000           -0.216968           50.575415          
209                 10.475000           -1.000000           0.954766            125.222370         
210                 10.525000           -1.000000           2.082638            195.871169         
211                 10.575000           -1.000000           2.929062            247.645587         
212                 10.625000           -1.000000           3.334386            271.016601         
213                 10.675000           -1.000000           3.224017            262.031267         
214                 10.725000           -1.000000           2.606025            221.946089         
215                 10.775000           -1.000000           1.577120            157.389827         
216                 10.825000           -1.000000           0.331140            80.671599          
217                 10.875000           -1.000000           -0.855697           8.678760           
218                 10.925000           -1.000000           -1.685307           -40.905814         
219                 10.975000           -1.000000           -1.938214           -55.584032         
220                 11.025000           -1.000000           -1.572916           -33.691269         
221                 11.075000           -1.000000           -0.767319           13.582982          
222                 11.125000           -1.000000           0.134542            65.749463          
223                 11.175000           -1.000000           0.758969            101.203792         
224                 11.225000           -1.000000           0.861998            106.368644         
225                 11.275000           -1.000000           0.433396            81.306435          
226                 11.325000           -1.000000           -0.306965           39.036099          
227                 11.375000           -1.000000           -1.016395           -0.917065          
228                 11.425000           -1.000000           -1.383192           -21.287076         
229                 11.475000           -1.000000           -1.250680           -13.831026         
230                 11.525000           -1.000000           -0.659075           18.683319          
231                 11.575000           -1.000000           0.198265            65.228253          
232                 11.625000           -1.000000           1.065487            111.691151         
233                 11.675000           -1.000000           1.711526            145.662898         
234                 11.725000           -1.000000           1.983500            159.230132         
235                 11.775000           -1.000000           1.826253            149.864488         
236                 11.825000           -1.000000           1.284771            120.376925         
237                 11.875000           -1.000000           0.499394            78.496971          
238                 11.925000           -1.000000           -0.314902           35.641040          
239                 11.975000           -1.000000           -0.921602           4.053105           
240                 12.025000           -1.000000           -1.148177           -7.613194          
241                 12.075000           -1.000000           -0.972169           1.421149           
242                 12.125000           -1.000000           -0.555175           22.576299          
243                 12.175000           -1.000000           -0.186022           41.062743          
244                 12.225000           -1.000000           -0.143325           42.957922          
245                 12.275000           -1.000000           -0.543171           22.771612          
246                 12.325000           -1.000000           -1.260163           -12.891930         
247                 12.375000           -1.000000           -1.977247           -48.142629         
248                 12.425000           -1.000000           -2.345685           -65.908393         
249                 12.475000           -1.000000           -2.166788           -56.817199         
250                 12.525000           -1.000000           -1.489096           -23.680546         
251                 12.575000           -1.000000           -0.564695           20.956471          
252                 12.625000           -1.000000           0.303318            62.390801          
253                 12.675000           -1.000000           0.921434            91.465669          
254                 12.725000           -1.000000           1.272013            107.553147         
255                 12.775000           -1.000000           1.451304            115.399898         
256                 12.825000           -1.000000           1.537377            118.796967         
257                 12.875000           -1.000000           1.496867            116.263577         
258                 12.925000           -1.000000           1.210084            102.352949         
259                 12.975000           -1.000000           0.602461            73.813765          
260                 13.025000           -1.000000           -0.219038           35.781040          
261                 13.075000           -1.000000           -0.945274           2.494063           
262                 13.125000           -1.000000           -1.208435           -9.448891          
263                 13.175000           -1.000000           -0.817978           8.208215           
264                 13.225000           -1.000000           0.066982            47.864116          
265                 13.275000           -1.000000           0.967049            87.782566          
266                 13.325000           -1.000000           1.331919            103.528367         
267                 13.375000           -1.000000           0.878356            82.963773          
268                 13.425000           -1.000000           -0.193373           35.445385          
269                 13.475000           -1.000000           -1.260918           -11.407184         
270                 13.525000           -1.000000           -1.612349           -26.636192         
271                 13.575000           -1.000000           -0.868971           5.670870           
272                 13.625000           -1.000000           0.754253            75.543079          
273                 13.675000           -1.000000           2.520134            150.831301         
274                 13.725000           -1.000000           3.548253            193.917174         
275                 13.775000           -1.000000           3.290632            182.029431         
276                 13.825000           -1.000000           1.830552            119.494837         
277                 13.875000           -1.000000           -0.166805           35.001856          
278                 13.925000           -1.000000           -1.818315           -34.208938         
279                 13.975000           -1.000000           -2.486501           -61.839702         
280                 14.025000           -1.000000           -2.079622           -44.695585         
281                 14.075000           -1.000000           -1.034573           -1.424369          
282                 14.125000           -1.000000           -0.021901           40.103251          
283                 14.175000           -1.000000           0.433267            58.483910          
284                 14.225000           -1.000000           0.195078            48.531602          
285                 14.275000           -1.000000           -0.486852           20.739411          
286                 14.325000           -1.000000           -1.181796           -7.312545          
287                 14.375000           -1.000000           -1.528747           -21.167561         
288                 14.425000           -1.000000           -1.385000           -15.340026         
289                 14.475000           -1.000000           -0.820666           7.111756           
290                 14.525000           -1.000000           -0.016570           38.816013          
291                 14.575000           -1.000000           0.832780            72.000561          
292                 14.625000           -1.000000           1.550610            99.731509          
293                 14.675000           -1.000000           1.963905            115.350565         
294                 14.725000           -1.000000           1.911929            112.799560         
295                 14.775000           -1.000000           1.318872            89.408440          
296                 14.825000           -1.000000           0.295146            49.704926          
297                 14.875000           -1.000000           -0.827099           6.604802           
298                 14.925000           -1.000000           -1.599888           -22.809660         
299                 14.975000           -1.000000           -1.686277           -25.973843         
300                 15.025000           -1.000000           -1.080662           -3.038780          
301                 15.075000           -1.000000           -0.163549           31.366235          
302                 15.125000           -1.000000           0.483924            55.389845          
303                 15.175000           -1.000000           0.423646            52.895512          
304                 15.225000           -1.000000           -0.344231           24.253156          
305                 15.275000           -1.000000           -1.338190           -12.450320         
306                 15.325000           -1.000000           -1.862993           -31.625063         
307                 15.375000           -1.000000           -1.444121           -16.200598         
308                 15.425000           -1.000000           -0.159234           30.528933          
309                 15.475000           -1.000000           1.358862            85.260355          
310                 15.525000           -1.000000           2.274660            117.820221         
311                 15.575000           -1.000000           2.053923            109.375874         
312                 15.625000           -1.000000           0.804580            64.335422          
313                 15.675000           -1.000000           -0.770148           8.157067           
314                 15.725000           -1.000000           -1.790032           -27.908801         
315                 15.775000           -1.000000           -1.731482           -25.722426         
316                 15.825000           -1.000000           -0.739862           9.105907           
317                 15.875000           -1.000000           0.480092            51.572765          
318                 15.925000           -1.000000           1.127307            73.785860          
319                 15.975000           -1.000000           0.823921            62.973842          
320                 16.025000           -1.000000           -0.143454           29.438496          
321                 16.075000           -1.000000           -1.016144           -0.552300          
322                 16.125000           -1.000000           -1.063843           -2.174183          
323                 16.175000           -1.000000           -0.068233           31.586440          
324                 16.225000           -1.000000           1.522347            85.114933          
325                 16.275000           -1.000000           2.863859            129.786319         
326                 16.325000           -1.000000           3.234038            141.568950         
327                 16.375000           -1.000000           2.462057            115.226342         
328                 16.425000           -1.000000           1.001206            66.299834          
329                 16.475000           -1.000000           -0.385979           20.249082          
330                 16.525000           -1.000000           -1.109280           -3.587258          
331                 16.575000           -1.000000           -1.079941           -2.612101          
332                 16.625000           -1.000000           -0.684177           10.272129          
333                 16.675000           -1.000000           -0.444441           17.986319          
334                 16.725000           -1.000000           -0.620157           12.240786          
335                 16.775000           -1.000000           -1.029991           -0.962011          
336                 16.825000           -1.000000           -1.213743           -6.824595          
337                 16.875000           -1.000000           -0.809845           6.043372           
338                 16.925000           -1.000000           0.127975            35.682530          
339                 16.975000           -1.000000           1.109349            66.418164          
340                 17.025000           -1.000000           1.509196            78.641706          
341                 17.075000           -1.000000           0.992493            62.157375          
342                 17.125000           -1.000000           -0.230828           23.883305          
343                 17.175000           -1.000000           -1.504892           -15.604202         
344                 17.225000           -1.000000           -2.127566           -34.686081         
345                 17.275000           -1.000000           -1.792272           -24.257979         
346                 17.325000           -1.000000           -0.779769           6.711543           
347                 17.375000           -1.000000           0.229833            37.303764          
348                 17.425000           -1.000000           0.603904            48.422120          
349                 17.475000           -1.000000           0.170172            35.161805          
350                 17.525000           -1.000000           -0.675526           9.704079           
351                 17.575000           -1.000000           -1.237237           -7.061668          
352                 17.625000           -1.000000           -0.986673           0.394815           
353                 17.675000           -1.000000           0.075249            31.704804          
354                 17.725000           -1.000000           1.398559            70.389382          
355                 17.775000           -1.000000           2.218695            94.010059          
356                 17.825000           -1.000000           2.030039            88.080008          
357                 17.875000           -1.000000           0.897792            54.904651          
358                 17.925000           -1.000000           -0.583857           11.982059          
359                 17.975000           -1.000000           -1.651723           -18.675669         
360                 18.025000           -1.000000           -1.819075           -23.359225         
361                 18.075000           -1.000000           -1.131347           -3.727988          
362                 18.125000           -1.000000           -0.089012           25.732402          
363                 18.175000           -1.000000           0.691420            47.547816          
364                 18.225000           -1.000000           0.851265            51.791165          
365                 18.275000           -1.000000           0.468143            40.875205          
366                 18.325000           -1.000000           -0.050441           26.309625          
367                 18.375000           -1.000000           -0.263218           20.315568          
368                 18.425000           -1.000000           0.022259            28.050784          
369                 18.475000           -1.000000           0.653494            45.151978          
370                 18.525000           -1.000000           1.260119            61.417537          
371                 18.575000           -1.000000           1.496858            67.520895          
372                 18.625000           -1.000000           1.236684            60.190564          
373                 18.675000           -1.000000           0.604061            42.955703          
374                 18.725000           -1.000000           -0.142444           22.852562          
375                 18.775000           -1.000000           -0.773073           6.017655           
376                 18.825000           -1.000000           -1.179885           -4.746803          
377                 18.875000           -1.000000           -1.356278           -9.355268          
378                 18.925000           -1.000000           -1.312371           -8.161976          
379                 18.975000           -1.000000           -1.019071           -0.495862          
380                 19.025000           -1.000000           -0.438691           14.522164          
381                 19.075000           -1.000000           0.382051            35.579491          
382                 19.125000           -1.000000           1.243844            57.479240          
383                 19.175000           -1.000000           1.831909            72.183289          
384                 19.225000           -1.000000           1.864318            72.646354          
385                 19.275000           -1.000000           1.268441            57.246868          
386                 19.325000           -1.000000           0.265569            31.778816          
387                 19.375000           -1.000000           -0.709699           7.253119           
388                 19.425000           -1.000000           -1.225626           -5.608994          
389                 19.475000           -1.000000           -1.083881           -2.074793          
390                 19.525000           -1.000000           -0.425853           14.130213          
391                 19.575000           -1.000000           0.352435            33.117016          
392                 19.625000           -1.000000           0.827861            44.533103          
393                 19.675000           -1.000000           0.784173            43.249233          
394                 19.725000           -1.000000           0.313857            31.687430          
395                 19.775000           -1.000000           -0.267688           17.572310          
396                 19.825000           -1.000000           -0.635535           8.701196           
397                 19.875000           -1.000000           -0.660213           8.070803           
398                 19.925000           -1.000000           -0.477842           12.339404          
399                 19.975000           -1.000000           -0.385538           14.446604          
