# Histogrammed data for fix fave
# TimeStep Number-of-bins Total-counts Missing-counts Min-value Max-value
# Bin Coord Count Count/Total
0 250 329312697.5619732 0 10.043521840783393 99.97840508922243
1 10.18 8.29658e-22 2.51936e-30
2 10.54 1.15744e-22 3.51472e-31
3 10.9 3.72377e-23 1.13077e-31
4 11.26 8.56915e-23 2.60213e-31
5 11.62 1.12736e-22 3.42338e-31
6 11.98 0 0
7 12.34 1.21216e-22 3.68088e-31
8 12.7 6.82341e-22 2.07201e-30
9 13.06 1.24712e-22 3.78703e-31
10 13.42 1.32752e-22 4.03119e-31
11 13.78 6.53975e-23 1.98588e-31
12 14.14 4.53891e-23 1.3783e-31
13 14.5 2.01015e-22 6.10406e-31
14 14.86 4.67009e-22 1.41813e-30
15 15.22 1.25638e-21 3.81516e-30
16 15.58 1.09228e-22 3.31683e-31
17 15.94 4.45311e-22 1.35224e-30
18 16.3 8.61436e-23 2.61586e-31
19 16.66 5.02386e-22 1.52556e-30
20 17.02 2.50757e-22 7.61456e-31
21 17.38 2.32398e-22 7.05705e-31
22 17.74 6.3734e-22 1.93536e-30
23 18.1 9.60532e-22 2.91678e-30
24 18.46 2.77598e-22 8.42962e-31
25 18.82 5.64091e-22 1.71293e-30
26 19.18 9.45545e-22 2.87127e-30
27 19.54 8.07288e-23 2.45143e-31
28 19.9 1.14835e-22 3.4871e-31
29 20.26 1.06759e-21 3.24188e-30
30 20.62 1.13641e-21 3.45084e-30
31 20.98 1.51817e-22 4.61011e-31
32 21.34 4.38854e-22 1.33264e-30
33 21.7 8.30441e-22 2.52174e-30
34 22.06 3.66523e-22 1.11299e-30
35 22.42 3.62166e-22 1.09976e-30
36 22.78 3.86923e-22 1.17494e-30
37 23.14 1.11436e-21 3.38391e-30
38 23.5 8.63694e-23 2.62272e-31
39 23.86 3.78483e-22 1.14931e-30
40 24.22 3.39297e-22 1.03032e-30
41 24.58 5.01291e-23 1.52223e-31
42 24.94 4.88653e-22 1.48386e-30
43 25.3 1.00569e-21 3.05392e-30
44 25.66 6.52993e-22 1.9829e-30
45 26.02 4.67193e-22 1.41869e-30
46 26.38 4.40714e-22 1.33828e-30
47 26.74 7.76126e-23 2.3568e-31
48 27.1 7.75341e-22 2.35442e-30
49 27.46 9.39014e-23 2.85144e-31
50 27.82 4.48013e-22 1.36045e-30
51 28.18 4.62771e-22 1.40526e-30
52 28.54 5.57121e-22 1.69177e-30
53 28.9 5.28236e-22 1.60406e-30
54 29.26 3.3992e-22 1.03221e-30
55 29.62 3.52673e-22 1.07094e-30
56 29.98 4.27945e-22 1.29951e-30
57 30.34 4.12078e-22 1.25133e-30
58 30.7 3.24186e-22 9.84431e-31
59 31.06 1.78538e-22 5.42153e-31
60 31.42 4.93149e-22 1.49751e-30
61 31.78 2.17804e-22 6.61389e-31
62 32.14 2.61187e-22 7.93128e-31
63 32.5 4.654e-22 1.41325e-30
64 32.86 2.01837e-22 6.12903e-31
65 33.22 6.55809e-22 1.99145e-30
66 33.58 4.17411e-22 1.26752e-30
67 33.94 1.96336e-22 5.96199e-31
68 34.3 2.9035e-22 8.81686e-31
69 34.66 4.39851e-22 1.33566e-30
70 35.02 1.14308e-22 3.47111e-31
71 35.38 1.92464e-22 5.84442e-31
72 35.74 3.55855e-22 1.0806e-30
73 36.1 4.32051e-22 1.31198e-30
74 36.46 3.73092e-22 1.13294e-30
75 36.82 2.48476e-22 7.54528e-31
76 37.18 1.80515e-22 5.48157e-31
77 37.54 3.58076e-22 1.08734e-30
78 37.9 1.38443e-22 4.20398e-31
79 38.26 6.51224e-22 1.97752e-30
80 38.62 2.52704e-22 7.67368e-31
81 38.98 2.74807e-22 8.34488e-31
82 39.34 4.54183e-22 1.37918e-30
83 39.7 1.06934e-22 3.24717e-31
84 40.06 3.01784e-22 9.16405e-31
85 40.42 4.89346e-22 1.48596e-30
86 40.78 3.80925e-23 1.15673e-31
87 41.14 4.14437e-22 1.25849e-30
88 41.5 9.04173e-22 2.74564e-30
89 41.86 1.84388e-22 5.59916e-31
90 42.22 2.92726e-22 8.88899e-31
91 42.58 1.77999e-22 5.40516e-31
92 42.94 4.00969e-21 1.21759e-29
93 43.3 8.67512e-23 2.63431e-31
94 43.66 4.0592e-22 1.23263e-30
95 44.02 1.33339e-22 4.049e-31
96 44.38 1.53043e+08 0.464734
97 44.74 1.39607e-22 4.23935e-31
98 45.1 3.2145e-22 9.76125e-31
99 45.46 1.24086e-22 3.76802e-31
100 45.82 1.23623e-22 3.75398e-31
101 46.18 7.99014e-22 2.42631e-30
102 46.54 2.72584e-22 8.27736e-31
103 46.9 3.58443e-22 1.08846e-30
104 47.26 1.56528e-22 4.75316e-31
105 47.62 3.88951e-22 1.1811e-30
106 47.98 7.78606e-22 2.36434e-30
107 48.34 1.50334e-22 4.56508e-31
108 48.7 2.74021e-22 8.321e-31
109 49.06 3.02563e-22 9.1877e-31
110 49.42 4.0801e-22 1.23897e-30
111 49.78 4.3377e-22 1.3172e-30
112 50.14 2.51723e-22 7.64388e-31
113 50.5 1.02931e-22 3.12564e-31
114 50.86 1.874e-22 5.69063e-31
115 51.22 2.1081e-22 6.40152e-31
116 51.58 4.98674e-22 1.51429e-30
117 51.94 7.1201e+07 0.216211
118 52.3 5.51205e-22 1.6738e-30
119 52.66 1.85085e-22 5.62035e-31
120 53.02 2.27966e-22 6.92247e-31
121 53.38 1.38666e-22 4.21077e-31
122 53.74 4.75914e-22 1.44517e-30
123 54.1 1.68914e-22 5.12928e-31
124 54.46 2.48162e-22 7.53576e-31
125 54.82 5.58089e-22 1.69471e-30
126 55.18 2.42926e-22 7.37676e-31
127 55.54 3.60118e-22 1.09354e-30
128 55.9 3.57604e-22 1.08591e-30
129 56.26 3.9261e-22 1.19221e-30
130 56.62 1.60537e-22 4.8749e-31
131 56.98 1.55659e-22 4.72677e-31
132 57.34 1.60499e-22 4.87376e-31
133 57.7 4.50077e-22 1.36671e-30
134 58.06 4.48958e-22 1.36332e-30
135 58.42 2.99028e-22 9.08036e-31
136 58.78 1.83538e-22 5.57335e-31
137 59.14 2.03253e-22 6.17202e-31
138 59.5 1.80458e-22 5.47983e-31
139 59.86 2.15486e-22 6.54349e-31
140 60.22 3.55501e-22 1.07952e-30
141 60.58 3.34731e-22 1.01645e-30
142 60.94 1.10978e-22 3.36999e-31
143 61.3 1.64594e-22 4.99812e-31
144 61.66 2.37782e-22 7.22057e-31
145 62.02 2.0545e-22 6.23875e-31
146 62.38 2.58371e-22 7.84576e-31
147 62.74 1.50992e-22 4.58505e-31
148 63.1 1.62813e-22 4.94401e-31
149 63.46 2.7004e-22 8.20012e-31
150 63.82 1.84087e-22 5.59004e-31
151 64.18 1.52911e-22 4.64333e-31
152 64.54 3.52336e-22 1.06991e-30
153 64.9 2.85617e-22 8.67313e-31
154 65.26 2.39494e-22 7.27256e-31
155 65.62 2.05706e-22 6.24653e-31
156 65.98 2.36658e-22 7.18642e-31
157 66.34 2.16054e-22 6.56074e-31
158 66.7 1.4548e-22 4.41769e-31
159 67.06 7.3607e-23 2.23517e-31
160 67.42 3.28376e-22 9.97155e-31
161 67.78 1.81413e-22 5.50883e-31
162 68.14 3.29371e-22 1.00018e-30
163 68.5 9.97313e-23 3.02847e-31
164 68.86 1.12978e-22 3.43072e-31
165 69.22 2.00545e-22 6.08982e-31
166 69.58 1.46976e-22 4.46312e-31
167 69.94 3.9954e-22 1.21326e-30
168 70.3 9.25961e-23 2.8118e-31
169 70.66 1.60953e-22 4.88754e-31
170 71.02 1.30262e-22 3.95557e-31
171 71.38 1.52017e-22 4.6162e-31
172 71.74 1.89906e-22 5.76675e-31
173 72.1 5.25524e-22 1.59582e-30
174 72.46 2.51579e-22 7.63953e-31
175 72.82 1.55584e-22 4.72451e-31
176 73.18 1.43742e-22 4.36492e-31
177 73.54 1.44401e-22 4.38493e-31
178 73.9 1.40906e-22 4.27879e-31
179 74.26 6.96388e-22 2.11467e-30
180 74.62 1.64085e-22 4.98264e-31
181 74.98 5.24993e-22 1.59421e-30
182 75.34 1.60411e-22 4.87109e-31
183 75.7 2.3258e-22 7.0626e-31
184 76.06 8.62355e-23 2.61865e-31
185 76.42 4.05089e+07 0.12301
186 76.78 1.84623e-22 5.60631e-31
187 77.14 1.47007e-22 4.46405e-31
188 77.5 1.57398e-22 4.77959e-31
189 77.86 3.43127e-22 1.04195e-30
190 78.22 1.28167e-22 3.89196e-31
191 78.58 1.1968e-22 3.63423e-31
192 78.94 7.64333e-22 2.32099e-30
193 79.3 1.98282e-22 6.02107e-31
194 79.66 1.69303e-22 5.14111e-31
195 80.02 2.32875e-22 7.07154e-31
196 80.38 1.8944e-22 5.75258e-31
197 80.74 3.85566e-22 1.17082e-30
198 81.1 4.20624e-22 1.27728e-30
199 81.46 1.04791e-22 3.1821e-31
200 81.82 1.41379e-22 4.29315e-31
201 82.18 2.18487e-22 6.63464e-31
202 82.54 1.9931e-22 6.05231e-31
203 82.9 1.74135e-22 5.28783e-31
204 83.26 1.2773e-22 3.87869e-31
205 83.62 6.06352e-22 1.84126e-30
206 83.98 1.23559e-22 3.75203e-31
207 84.34 2.36145e-22 7.17086e-31
208 84.7 3.4558e-22 1.0494e-30
209 85.06 1.38638e-22 4.20991e-31
210 85.42 1.03643e-22 3.14726e-31
211 85.78 2.64522e-22 8.03253e-31
212 86.14 3.56681e-22 1.08311e-30
213 86.5 1.14455e-22 3.47559e-31
214 86.86 3.83068e-22 1.16324e-30
215 87.22 1.52171e-22 4.62086e-31
216 87.58 1.84561e-22 5.60442e-31
217 87.94 3.6584e-22 1.11092e-30
218 88.3 1.60547e-22 4.87522e-31
219 88.66 1.48068e-22 4.49626e-31
220 89.02 4.05879e-22 1.2325e-30
221 89.38 4.32588e-22 1.31361e-30
222 89.74 5.9938e-22 1.8201e-30
223 90.1 2.3725e-22 7.20441e-31
224 90.46 9.57184e-23 2.90661e-31
225 90.82 2.56016e-22 7.77425e-31
226 91.18 2.81582e-22 8.55059e-31
227 91.54 1.95097e-22 5.92438e-31
228 91.9 5.04648e-22 1.53243e-30
229 92.26 1.67134e-22 5.07523e-31
230 92.62 2.85817e-22 8.67921e-31
231 92.98 4.94903e+07 0.150284
232 93.34 1.56113e-22 4.74057e-31
233 93.7 1.43284e-22 4.35099e-31
234 94.06 5.49402e-22 1.66833e-30
235 94.42 2.35048e-22 7.13754e-31
236 94.78 3.62254e-22 1.10003e-30
237 95.14 1.37385e-22 4.17187e-31
238 95.5 1.72388e-22 5.23479e-31
239 95.86 1.12678e-22 3.42161e-31
240 96.22 3.05774e-22 9.28522e-31
241 96.58 1.15077e-21 3.49447e-30
242 96.94 2.17957e-22 6.61854e-31
243 97.3 8.56685e-23 2.60143e-31
244 97.66 2.54062e-22 7.71491e-31
245 98.02 1.73063e-22 5.25529e-31
246 98.38 2.18462e-22 6.63387e-31
247 98.74 1.50695e+07 0.0457604
248 99.1 1.45681e-22 4.4238e-31
249 99.46 2.15189e-22 6.53447e-31
250 99.82 5.29838e-22 1.60892e-30
