k	S(k)
0.000000	4000.000000
0.178500	0.000000
0.252437	0.000000
0.309170	0.000000
0.356999	0.000000
0.399137	0.000000
0.437233	0.000000
0.504873	0.000000
0.535499	0.000000
0.564465	0.000000
0.592016	0.000000
0.618341	0.000000
0.643589	0.000000
0.667884	0.000000
0.713998	0.000000
0.735973	0.000000
0.757310	0.000000
0.778062	0.000000
0.798274	0.000000
0.817988	0.000000
0.837237	0.000000
0.874466	0.000000
0.892498	0.000000
0.910173	0.000000
0.927511	0.000000
0.961250	0.000000
0.977682	0.000000
1.009746	0.000000
1.025402	0.000000
1.040822	0.000000
1.056018	0.000000
1.070997	0.000000
1.085771	0.000000
1.100345	0.000000
1.128930	0.000000
1.142955	0.000000
1.156810	0.000000
1.170500	0.000000
1.184032	0.000000
1.197412	0.000000
1.210643	0.000000
1.236681	0.000000
1.249497	0.000000
1.262183	0.000000
1.274742	0.000000
1.287179	0.000000
1.299497	0.000000
1.311699	0.000000
1.335769	0.000000
1.347642	0.000000
1.359412	0.000000
1.371081	0.000000
1.394126	0.000000
1.405507	0.000000
1.427997	0.000000
1.439110	0.000000
1.450137	0.000000
1.461082	0.000000
1.471945	0.000000
1.482729	0.000000
1.493435	0.000000
1.514619	0.000000
1.525101	0.000000
1.535511	0.000000
1.545852	0.000000
1.556123	0.000000
1.566327	0.000000
1.576466	0.000000
1.596549	0.000000
1.606496	0.000000
1.616382	0.000000
1.626209	0.000000
1.635976	0.000000
1.645685	0.000000
1.655337	0.000000
1.674475	0.000000
1.683962	0.000000
1.693396	0.000000
1.702777	0.000000
1.721388	0.000000
1.730618	0.000000
1.748932	0.000000
1.758017	0.000000
1.767056	0.000000
1.776048	0.000000
1.784996	0.000000
1.793899	0.000000
1.802757	0.000000
1.820346	0.000000
1.829076	0.000000
1.837766	0.000000
1.846414	0.000000
1.855022	0.000000
1.863590	0.000000
1.872119	0.000000
1.897477	0.000000
1.905854	0.000000
1.914195	0.000000
1.922499	0.000000
1.930768	0.000000
1.939002	0.000000
1.955365	0.000000
1.963495	0.000000
1.971592	0.000000
1.979656	0.000000
1.995686	0.000000
2.003653	0.000000
2.019492	0.000000
2.027366	0.000000
2.035208	0.000000
2.043021	0.000000
2.050804	0.000000
2.058558	0.000000
2.066282	0.000000
2.081645	0.000000
2.089284	0.000000
2.096895	0.000000
2.104479	0.000000
2.112036	0.000000
2.119565	0.000000
2.127068	0.000000
2.141995	0.000000
2.149420	0.000000
2.156819	0.000000
2.164192	0.000000
2.171541	0.000000
2.178865	0.000000
2.186164	0.000000
2.200691	0.000000
2.207918	0.000000
2.215122	0.000000
2.222302	0.000000
2.236593	0.000000
2.243705	0.000000
2.257861	0.000000
2.264906	0.000000
2.271929	0.000000
2.278930	0.000000
2.285910	0.000000
2.292869	0.000000
2.299806	0.000000
2.313619	0.000000
2.320495	0.000000
2.327350	0.000000
2.334185	0.000000
2.341000	0.000000
2.347795	0.000000
2.354571	0.000000
2.368065	0.000000
2.374782	0.000000
2.381481	0.000000
2.388162	0.000000
2.394823	0.000000
2.401466	0.000000
2.408091	0.000000
2.421286	0.000000
2.427857	0.000000
2.434410	0.000000
2.440945	0.000000
2.453964	0.000000
2.460447	0.000000
2.473363	0.000000
2.479795	0.000000
2.486211	0.000000
2.492611	0.000000
2.498994	0.000000
2.505361	0.000000
2.511712	0.000000
2.524365	0.000000
2.530668	0.000000
2.536956	0.000000
2.543228	0.000000
2.549484	0.000000
2.555725	0.000000
2.561951	0.000000
2.574358	0.000000
2.580539	0.000000
2.586705	0.000000
2.592856	0.000000
2.598993	0.000000
2.605116	0.000000
2.611224	0.000000
2.623397	0.000000
2.629463	0.000000
2.635515	0.000000
2.641553	0.000000
2.653587	0.000000
2.659584	0.000000
2.671537	0.000000
2.677494	0.000000
2.683437	0.000000
2.689367	0.000000
2.695285	0.000000
2.701189	0.000000
2.707080	0.000000
2.718825	0.000000
2.724678	0.000000
2.730519	0.000000
2.736347	0.000000
2.742163	0.000000
2.747966	0.000000
2.753757	0.000000
2.771059	0.000000
2.776802	0.000000
2.782533	0.000000
2.788253	0.000000
2.793960	0.000000
2.799657	0.000000
2.811014	0.000000
2.816676	0.000000
2.822326	0.000000
2.827965	0.000000
2.839210	0.000000
2.844815	0.000000
2.855993	0.000000
2.861566	0.000000
2.867128	0.000000
2.872679	0.000000
2.878219	0.000000
2.883749	0.000000
2.889268	0.000000
2.900275	0.000000
2.905763	0.000000
2.911240	0.000000
2.916707	0.000000
2.922164	0.000000
2.927611	0.000000
2.933047	0.000000
2.943891	0.000000
2.949297	0.000000
2.954694	0.000000
2.960081	0.000000
2.965458	0.000000
2.970825	0.000000
2.976183	0.000000
2.986869	0.000000
2.992198	0.000000
2.997518	0.000000
3.002828	0.000000
3.013420	0.000000
3.018702	0.000000
3.029238	0.000000
3.034493	0.000000
3.039738	0.000000
3.044975	0.000000
3.050202	0.000000
3.055421	0.000000
3.060630	0.000000
3.071023	0.000000
3.076206	0.000000
3.081381	0.000000
3.086546	0.000000
3.091703	571.428571
3.096852	0.000000
3.101992	0.000000
3.112247	0.000000
3.117361	0.000000
3.122467	0.000000
3.127565	0.000000
3.132655	0.000000
3.137736	0.000000
3.142809	0.000000
3.152931	0.000000
3.157980	0.000000
3.163021	0.000000
3.168053	0.000000
3.178095	0.000000
3.183104	0.000000
3.193098	0.000000
3.198083	0.000000
3.203060	0.000000
3.208030	0.000000
3.212992	0.000000
3.217947	0.000000
3.222894	0.000000
3.232765	0.000000
3.237689	0.000000
3.242606	0.000000
3.247515	0.000000
3.252417	0.000000
3.257312	0.000000
3.262199	0.000000
3.271951	0.000000
3.276817	0.000000
3.281675	0.000000
3.286526	0.000000
3.291370	0.000000
3.296206	0.000000
3.301036	0.000000
3.310674	0.000000
3.315483	0.000000
3.320284	0.000000
3.325079	0.000000
3.334647	0.000000
3.339421	0.000000
3.348949	0.000000
3.353703	0.000000
3.358450	0.000000
3.363190	0.000000
3.367923	0.000000
3.372650	0.000000
3.377371	0.000000
3.386791	0.000000
3.391492	0.000000
3.396186	0.000000
3.400874	0.000000
3.405555	0.000000
3.410230	0.000000
3.414898	0.000000
3.428865	0.000000
3.433508	0.000000
3.438145	0.000000
3.442775	0.000000
3.447400	0.000000
3.452018	0.000000
3.461235	0.000000
3.465835	0.000000
3.470429	0.000000
3.475016	0.000000
3.484173	0.000000
3.488742	0.000000
3.497863	0.000000
3.502415	0.000000
3.506960	0.000000
3.511500	0.000000
3.516034	0.000000
3.520562	0.000000
3.525084	0.000000
3.534111	0.000000
3.538616	0.000000
3.543116	0.000000
3.547609	0.000000
3.552097	0.000000
3.556579	0.000000
3.561055	0.000000
3.569992	1333.333333
3.574451	0.000000
3.578906	0.000000
3.583354	0.000000
3.587797	0.000000
3.592235	0.000000
3.596667	0.000000
3.605515	0.000000
3.609931	0.000000
3.614341	0.000000
3.618746	0.000000
3.627540	0.000000
3.631929	0.000000
3.640691	0.000000
3.645065	0.000000
3.649433	0.000000
3.653795	0.000000
3.658153	0.000000
3.662505	0.000000
3.666852	0.000000
3.675531	0.000000
3.679863	0.000000
3.684190	0.000000
3.688512	0.000000
3.692828	0.000000
3.697140	0.000000
3.701446	0.000000
3.710044	0.000000
3.714336	0.000000
3.718622	0.000000
3.722904	0.000000
3.727181	0.000000
3.731453	0.000000
3.735720	0.000000
3.744239	0.000000
3.748491	0.000000
3.752739	0.000000
3.756982	0.000000
3.765453	0.000000
3.769681	0.000000
3.782338	0.000000
3.786548	0.000000
3.790753	0.000000
3.794953	0.000000
3.799149	0.000000
3.803340	0.000000
3.811708	0.000000
3.815885	0.000000
3.820058	0.000000
3.824226	0.000000
3.828390	0.000000
3.832549	0.000000
3.836703	0.000000
3.844999	0.000000
3.849140	0.000000
3.853276	0.000000
3.857409	0.000000
3.861536	0.000000
3.865660	0.000000
3.869779	0.000000
3.878004	0.000000
3.882109	0.000000
3.886211	0.000000
3.890308	0.000000
3.898490	0.000000
3.902574	0.000000
3.910730	0.000000
3.914801	0.000000
3.918869	0.000000
3.922932	0.000000
3.926991	0.000000
3.931046	0.000000
3.935096	0.000000
3.943185	0.000000
3.947223	0.000000
3.951257	0.000000
3.955287	0.000000
3.959312	0.000000
3.963334	0.000000
3.967351	0.000000
3.979380	0.000000
3.983381	0.000000
3.987379	0.000000
3.991372	0.000000
3.995361	0.000000
3.999347	0.000000
4.007306	0.000000
4.011279	0.000000
4.015249	0.000000
4.019215	0.000000
4.027134	0.000000
4.031088	0.000000
4.038984	0.000000
4.042927	0.000000
4.046865	0.000000
4.050800	0.000000
4.054731	0.000000
4.058658	0.000000
4.062581	0.000000
4.070417	0.000000
4.074329	0.000000
4.078237	0.000000
4.082141	0.000000
4.086042	0.000000
4.089939	0.000000
4.093833	0.000000
4.101608	0.000000
4.105490	0.000000
4.109369	0.000000
4.113244	0.000000
4.117115	0.000000
4.120983	0.000000
4.124847	0.000000
4.132564	0.000000
4.136417	0.000000
4.140267	0.000000
4.144113	0.000000
4.151794	0.000000
4.155630	0.000000
4.163290	0.000000
4.167115	0.000000
4.170936	0.000000
4.174754	0.000000
4.178568	0.000000
4.182379	0.000000
4.186186	0.000000
4.193791	0.000000
4.197588	0.000000
4.201381	0.000000
4.205171	0.000000
4.208958	0.000000
4.212741	0.000000
4.216521	0.000000
4.224071	0.000000
4.227841	0.000000
4.231607	0.000000
4.235370	0.000000
4.239130	0.000000
4.242887	0.000000
4.246640	0.000000
4.254136	0.000000
4.257879	0.000000
4.261619	0.000000
4.265356	0.000000
4.272819	0.000000
4.276546	0.000000
4.283990	0.000000
4.287707	0.000000
4.291421	0.000000
4.295132	0.000000
4.298839	0.000000
4.302544	0.000000
4.306245	0.000000
4.313637	0.000000
4.317329	0.000000
4.321017	0.000000
4.324703	0.000000
4.328385	0.000000
4.332064	0.000000
4.335740	0.000000
4.343082	0.000000
4.346749	0.000000
4.350412	0.000000
4.354073	0.000000
4.357730	0.000000
4.361384	0.000000
4.365036	0.000000
4.372329	0.000000
4.375971	0.000000
4.379610	0.000000
4.383246	0.000000
4.390509	0.000000
4.394136	0.000000
4.401381	0.000000
4.404999	0.000000
4.408614	0.000000
4.412227	0.000000
4.415836	0.000000
4.419442	0.000000
4.423045	0.000000
4.430243	0.000000
4.433838	0.000000
4.437429	0.000000
4.441018	0.000000
4.444604	0.000000
4.448187	0.000000
4.451767	0.000000
4.462490	0.000000
4.466058	0.000000
4.469624	0.000000
4.473187	0.000000
4.476747	0.000000
4.480304	0.000000
4.487410	0.000000
4.490959	0.000000
4.494505	0.000000
4.498048	0.000000
4.505126	0.000000
4.508661	0.000000
4.515722	0.000000
4.519248	0.000000
4.522772	0.000000
4.526293	0.000000
4.529812	0.000000
4.533327	0.000000
4.536840	0.000000
4.543858	0.000000
4.547362	0.000000
4.550864	0.000000
4.554364	0.000000
4.557860	0.000000
4.561354	0.000000
4.564845	0.000000
4.571820	0.000000
4.575303	0.000000
4.578784	0.000000
4.582262	0.000000
4.585737	0.000000
4.589210	0.000000
4.592680	0.000000
4.599612	0.000000
4.603075	0.000000
4.606534	0.000000
4.609991	0.000000
4.616898	0.000000
4.620347	0.000000
4.627238	0.000000
4.630680	0.000000
4.634119	0.000000
4.637555	0.000000
4.640989	0.000000
4.644421	0.000000
4.647849	0.000000
4.654700	0.000000
4.658121	0.000000
4.661540	0.000000
4.664956	0.000000
4.668370	0.000000
4.671781	0.000000
4.675190	0.000000
4.682000	0.000000
4.685402	0.000000
4.688800	0.000000
4.692197	0.000000
4.695591	0.000000
4.698982	0.000000
4.702372	0.000000
4.709142	0.000000
4.712524	0.000000
4.715904	0.000000
4.719281	0.000000
4.726027	0.000000
4.729397	0.000000
4.736129	0.000000
4.739492	0.000000
4.742852	0.000000
4.746210	0.000000
4.749565	0.000000
4.752918	0.000000
4.756269	0.000000
4.762963	0.000000
4.766307	0.000000
4.769648	0.000000
4.772987	0.000000
4.776323	0.000000
4.779658	0.000000
4.782989	0.000000
4.789646	0.000000
4.792971	0.000000
4.796294	0.000000
4.799614	0.000000
4.802933	0.000000
4.806248	0.000000
4.809562	0.000000
4.816182	0.000000
4.819489	0.000000
4.822793	0.000000
4.826095	0.000000
4.832693	0.000000
4.835988	0.000000
4.842572	0.000000
4.845861	0.000000
4.849147	0.000000
4.852432	0.000000
4.855714	0.000000
4.858993	0.000000
4.862271	0.000000
4.868819	0.000000
4.872090	0.000000
4.875359	0.000000
4.878626	0.000000
4.881890	0.000000
4.885152	0.000000
4.888412	0.000000
4.898179	0.000000
4.901431	0.000000
4.904680	0.000000
4.907927	0.000000
4.911172	0.000000
4.914415	0.000000
4.920894	0.000000
4.924130	0.000000
4.927365	0.000000
4.930597	0.000000
4.937055	0.000000
4.940280	0.000000
4.946726	0.000000
4.949945	0.000000
4.953162	0.000000
4.956378	0.000000
4.959591	0.000000
4.962802	0.000000
4.966011	0.000000
4.972423	0.000000
4.975626	0.000000
4.978827	0.000000
4.982025	0.000000
4.985222	0.000000
4.988417	0.000000
4.991609	0.000000
4.997988	0.000000
5.001175	0.000000
5.004359	0.000000
5.007542	0.000000
5.010722	0.000000
5.013900	0.000000
5.017077	0.000000
5.023424	0.000000
5.026594	0.000000
5.029762	0.000000
5.032929	0.000000
5.039255	0.000000
5.042416	0.000000
5.048731	800.000000
5.051885	0.000000
5.055038	0.000000
5.058188	0.000000
5.061337	0.000000
5.064483	0.000000
5.067628	0.000000
5.073911	0.000000
5.077050	0.000000
5.080187	0.000000
5.083322	0.000000
5.086455	0.000000
5.089586	0.000000
5.092715	0.000000
5.098968	0.000000
5.102091	0.000000
5.105213	0.000000
5.108332	0.000000
5.111450	0.000000
5.114566	0.000000
5.117680	0.000000
5.123902	0.000000
5.127010	0.000000
5.130117	0.000000
5.133221	0.000000
5.139424	0.000000
5.142523	0.000000
5.148715	0.000000
5.151808	0.000000
5.154900	0.000000
5.157989	0.000000
5.161077	0.000000
5.164163	0.000000
5.167247	0.000000
5.173409	0.000000
5.176488	0.000000
5.179565	0.000000
5.182639	0.000000
5.185712	0.000000
5.188784	0.000000
5.191853	0.000000
5.197986	0.000000
5.201050	0.000000
5.204112	0.000000
5.207173	0.000000
5.210231	0.000000
5.213288	0.000000
5.216343	0.000000
5.222448	0.000000
5.225497	0.000000
5.228545	0.000000
5.231591	0.000000
5.237678	0.000000
5.240719	0.000000
5.246795	0.000000
5.249830	0.000000
5.252864	0.000000
5.255896	0.000000
5.258926	0.000000
5.261955	0.000000
5.264981	0.000000
5.271030	0.000000
5.274051	0.000000
5.277071	0.000000
5.280089	0.000000
5.283105	0.000000
5.286120	0.000000
5.289133	0.000000
5.298161	0.000000
5.301167	0.000000
5.304171	0.000000
5.307174	0.000000
5.310175	0.000000
5.313174	0.000000
5.319168	0.000000
5.322162	0.000000
5.325154	0.000000
5.328145	0.000000
5.334122	0.000000
5.337108	0.000000
5.343074	0.000000
5.346055	0.000000
5.349034	0.000000
5.352012	0.000000
5.354987	0.000000
5.357962	0.000000
5.360934	0.000000
5.366874	0.000000
5.369842	0.000000
5.372808	0.000000
5.375772	0.000000
5.378735	0.000000
5.381696	0.000000
5.384655	0.000000
5.390569	0.000000
5.393524	0.000000
5.396477	0.000000
5.399428	0.000000
5.402378	0.000000
5.405326	0.000000
5.408272	0.000000
5.414160	0.000000
5.417102	0.000000
5.420042	0.000000
5.422981	0.000000
5.428853	0.000000
5.431787	0.000000
5.437649	0.000000
5.440578	0.000000
5.443506	0.000000
5.446431	0.000000
5.449356	0.000000
5.452278	0.000000
5.455200	0.000000
5.461037	0.000000
5.463954	0.000000
5.466868	0.000000
5.469782	0.000000
5.472694	0.000000
5.475604	0.000000
5.478512	0.000000
5.484325	0.000000
5.487229	0.000000
5.490132	0.000000
5.493033	0.000000
5.495932	0.000000
5.498830	0.000000
5.501727	0.000000
5.507515	0.000000
5.510407	0.000000
5.513297	0.000000
5.516186	0.000000
5.521959	0.000000
5.524843	0.000000
5.533487	0.000000
5.536365	0.000000
5.539242	0.000000
5.542117	0.000000
5.544991	0.000000
5.547864	0.000000
5.553604	0.000000
5.556472	0.000000
5.559338	0.000000
5.562203	0.000000
5.565066	0.000000
5.567928	0.000000
5.570789	0.000000
5.576505	0.000000
5.579361	0.000000
5.582216	0.000000
5.585069	0.000000
5.587921	0.000000
5.590771	0.000000
5.593620	0.000000
5.599313	0.000000
5.602158	0.000000
5.605001	0.000000
5.607842	0.000000
5.613521	0.000000
5.616358	0.000000
5.622028	0.000000
5.624861	0.000000
5.627693	0.000000
5.630523	0.000000
5.633352	0.000000
5.636179	0.000000
5.639005	0.000000
5.644652	0.000000
5.647474	0.000000
5.650294	0.000000
5.653113	0.000000
5.655930	0.000000
5.658746	0.000000
5.661561	0.000000
5.669996	0.000000
5.672805	0.000000
5.675613	0.000000
5.678419	0.000000
5.681224	0.000000
5.684028	0.000000
5.689630	0.000000
5.692430	0.000000
5.695228	0.000000
5.698024	0.000000
5.703613	0.000000
5.706406	0.000000
5.711987	0.000000
5.714775	0.000000
5.717562	0.000000
5.720348	0.000000
5.723132	0.000000
5.725915	0.000000
5.728697	0.000000
5.734256	0.000000
5.737033	0.000000
5.739809	0.000000
5.742584	0.000000
5.745358	0.000000
5.748130	0.000000
5.750901	0.000000
5.756439	0.000000
5.759205	0.000000
5.761971	0.000000
5.764735	0.000000
5.767498	0.000000
5.770260	0.000000
5.773020	0.000000
5.778536	0.000000
5.781293	0.000000
5.784048	0.000000
5.786801	0.000000
5.792305	0.000000
5.795054	0.000000
5.800550	0.000000
5.803296	0.000000
5.806040	0.000000
5.808783	0.000000
5.811525	0.000000
5.814266	0.000000
5.817005	0.000000
5.822480	0.000000
5.825216	0.000000
5.827950	0.000000
5.830683	0.000000
5.833414	0.000000
5.836145	0.000000
5.838874	0.000000
5.844328	0.000000
5.847053	0.000000
5.849777	0.000000
5.852500	0.000000
5.855222	0.000000
5.857942	0.000000
5.860661	0.000000
5.866095	0.000000
5.868810	0.000000
5.871524	0.000000
5.874237	0.000000
5.879658	0.000000
5.882367	0.000000
5.887781	0.000000
5.890486	0.000000
5.893190	0.000000
5.895893	0.000000
5.898594	0.000000
5.901294	0.000000
5.903993	0.000000
5.909388	0.000000
5.912083	0.000000
5.914777	0.000000
5.917470	0.000000
5.920161	800.000000
5.922852	0.000000
5.925541	0.000000
5.930916	0.000000
5.933601	0.000000
5.936285	0.000000
5.938968	0.000000
5.941650	0.000000
5.944331	0.000000
5.947010	0.000000
5.952366	0.000000
5.955041	0.000000
5.957716	0.000000
5.960389	0.000000
5.965733	0.000000
5.968403	0.000000
5.973739	0.000000
5.976405	0.000000
5.979070	0.000000
5.981734	0.000000
5.984397	0.000000
5.987058	0.000000
5.989718	0.000000
5.995035	0.000000
5.997692	0.000000
6.000348	0.000000
6.003002	0.000000
6.005656	0.000000
6.008308	0.000000
6.010959	0.000000
6.018904	0.000000
6.021551	0.000000
6.024196	0.000000
6.026840	0.000000
6.029482	0.000000
6.032124	0.000000
6.037404	0.000000
6.040042	0.000000
6.042679	0.000000
6.045315	0.000000
6.050583	0.000000
6.053215	0.000000
6.058477	0.000000
6.061106	0.000000
6.063734	0.000000
6.066360	0.000000
6.068986	0.000000
6.071610	0.000000
6.074234	0.000000
6.079477	0.000000
6.082097	0.000000
6.084715	0.000000
6.087333	0.000000
6.089950	0.000000
6.092565	0.000000
6.095179	0.000000
6.100404	0.000000
6.103015	0.000000
6.105625	0.000000
6.108234	0.000000
6.110841	0.000000
6.113448	0.000000
6.116053	0.000000
6.121261	0.000000
6.123863	0.000000
6.126463	0.000000
6.129063	0.000000
6.134260	0.000000
6.136856	0.000000
6.142046	0.000000
6.144639	0.000000
6.147231	0.000000
6.149822	0.000000
6.152412	0.000000
6.155001	0.000000
6.157589	0.000000
6.162761	0.000000
6.165346	0.000000
6.167929	0.000000
6.170511	0.000000
6.173093	0.000000
6.175673	0.000000
6.178252	0.000000
6.183407	571.428571
6.185983	0.000000
6.188558	0.000000
6.191131	0.000000
6.193704	0.000000
6.196276	0.000000
6.198846	0.000000
6.203984	0.000000
6.206551	0.000000
6.209118	0.000000
6.211683	0.000000
6.216810	0.000000
6.219372	0.000000
6.224493	0.000000
6.227052	0.000000
6.229610	0.000000
6.232167	0.000000
6.234722	0.000000
6.237277	0.000000
6.239831	0.000000
6.244935	0.000000
6.247485	0.000000
6.250035	0.000000
6.252583	0.000000
6.255131	0.000000
6.257677	0.000000
6.260222	0.000000
6.265310	0.000000
6.267852	0.000000
6.270393	0.000000
6.272934	0.000000
6.275473	0.000000
6.278011	0.000000
6.280548	0.000000
6.285619	0.000000
6.288153	0.000000
6.290686	0.000000
6.293218	0.000000
6.298279	0.000000
6.300808	0.000000
6.305863	0.000000
6.308388	0.000000
6.310913	0.000000
6.313437	0.000000
6.315960	0.000000
6.318482	0.000000
6.321003	0.000000
6.326041	0.000000
6.328559	0.000000
6.331076	0.000000
6.333592	0.000000
6.336107	0.000000
6.338620	0.000000
6.341133	0.000000
6.348666	0.000000
6.351175	0.000000
6.353683	0.000000
6.356189	0.000000
6.358695	0.000000
6.361200	0.000000
6.366207	0.000000
6.368709	0.000000
6.371210	0.000000
6.373710	0.000000
6.378707	0.000000
6.381204	0.000000
6.386195	0.000000
6.388689	0.000000
6.391182	0.000000
6.393675	0.000000
6.396166	0.000000
6.398656	0.000000
6.401145	0.000000
6.406121	0.000000
6.408607	0.000000
6.411093	0.000000
6.413577	0.000000
6.416061	0.000000
6.418543	0.000000
6.421025	0.000000
6.425985	0.000000
6.428464	0.000000
6.430941	0.000000
6.433418	0.000000
6.435894	0.000000
6.438369	0.000000
6.440843	0.000000
6.445788	0.000000
6.448259	0.000000
6.450729	0.000000
6.453198	0.000000
6.458134	0.000000
6.460600	0.000000
6.465530	0.000000
6.467993	0.000000
6.470456	0.000000
6.472918	0.000000
6.475378	0.000000
6.477838	0.000000
6.480297	0.000000
6.485212	0.000000
6.487668	0.000000
6.490123	0.000000
6.492577	0.000000
6.495031	0.000000
6.497483	0.000000
6.499934	0.000000
6.504834	0.000000
6.507283	0.000000
6.509731	0.000000
6.512178	0.000000
6.514623	0.000000
6.517068	0.000000
6.519512	0.000000
6.524398	0.000000
6.526839	0.000000
6.529280	0.000000
6.531719	0.000000
6.536595	0.000000
6.539032	0.000000
6.543903	0.000000
6.546337	0.000000
6.548770	0.000000
6.551202	0.000000
6.553634	0.000000
6.556064	0.000000
6.558493	0.000000
6.563350	0.000000
6.565777	0.000000
6.568203	0.000000
6.570628	0.000000
6.573052	0.000000
6.575475	0.000000
6.577897	0.000000
6.582739	0.000000
6.585159	0.000000
6.587578	0.000000
6.589996	0.000000
6.592413	0.000000
6.594829	0.000000
6.597244	0.000000
6.602072	0.000000
6.604485	0.000000
6.606896	0.000000
6.609307	0.000000
6.614126	0.000000
6.616534	0.000000
6.621348	0.000000
6.623754	0.000000
6.626158	0.000000
6.628562	0.000000
6.630965	0.000000
6.633367	0.000000
6.635768	0.000000
6.640568	0.000000
6.642967	0.000000
6.645365	0.000000
6.647762	0.000000
6.650158	0.000000
6.652553	0.000000
6.654947	0.000000
6.662125	0.000000
6.664516	0.000000
6.666906	0.000000
6.669295	0.000000
6.671683	0.000000
6.674071	0.000000
6.678843	0.000000
6.681228	0.000000
6.683612	0.000000
6.685995	0.000000
6.690759	0.000000
6.693139	0.000000
6.697898	0.000000
6.700276	0.000000
6.702653	0.000000
6.705030	0.000000
6.707405	0.000000
6.709780	0.000000
6.712154	0.000000
6.716899	0.000000
6.719271	0.000000
6.721641	0.000000
6.724011	0.000000
6.726380	0.000000
6.728748	0.000000
6.731115	0.000000
6.735847	0.000000
6.738211	0.000000
6.740575	0.000000
6.742938	0.000000
6.745301	0.000000
6.747662	0.000000
6.750023	0.000000
6.754741	0.000000
6.757099	0.000000
6.759457	0.000000
6.761813	0.000000
6.766523	0.000000
6.768877	0.000000
6.773583	0.000000
6.775934	0.000000
6.778285	0.000000
6.780635	0.000000
6.782984	0.000000
6.785332	0.000000
6.787680	0.000000
6.792372	0.000000
6.794717	0.000000
6.797062	0.000000
6.799405	0.000000
6.801748	0.000000
6.804089	0.000000
6.806430	0.000000
6.811110	0.000000
6.813449	0.000000
6.815786	0.000000
6.818123	0.000000
6.820459	0.000000
6.822795	0.000000
6.825129	0.000000
6.829796	0.000000
6.832128	0.000000
6.834460	0.000000
6.836790	0.000000
6.841449	0.000000
6.843777	0.000000
6.850757	0.000000
6.853082	0.000000
6.855407	0.000000
6.857730	0.000000
6.860053	0.000000
6.862375	0.000000
6.867016	0.000000
6.869336	0.000000
6.871654	0.000000
6.873972	0.000000
6.876290	0.000000
6.878606	0.000000
6.880922	0.000000
6.885551	0.000000
6.887864	0.000000
6.890176	0.000000
6.892488	0.000000
6.894799	0.000000
6.897109	0.000000
6.899419	0.000000
6.904035	0.000000
6.906342	0.000000
6.908649	0.000000
6.910954	0.000000
6.915563	0.000000
6.917866	0.000000
6.922471	0.000000
6.924772	0.000000
6.927072	0.000000
6.929371	0.000000
6.931670	0.000000
6.933968	0.000000
6.936265	0.000000
6.940857	0.000000
6.943152	0.000000
6.945446	0.000000
6.947739	0.000000
6.950032	0.000000
6.952324	0.000000
6.954615	0.000000
6.961484	0.000000
6.963772	0.000000
6.966059	0.000000
6.968346	0.000000
6.970632	0.000000
6.972917	0.000000
6.977485	0.000000
6.979767	0.000000
6.982049	0.000000
6.984331	0.000000
6.988891	0.000000
6.991170	0.000000
6.995726	0.000000
6.998003	0.000000
7.000279	0.000000
7.002555	0.000000
7.004829	0.000000
7.007103	0.000000
7.009377	0.000000
7.013921	0.000000
7.016192	0.000000
7.018462	0.000000
7.020731	0.000000
7.023000	0.000000
7.025268	0.000000
7.027536	0.000000
7.032068	0.000000
7.034333	0.000000
7.036598	0.000000
7.038861	0.000000
7.041124	0.000000
7.043386	0.000000
7.045648	0.000000
7.050169	0.000000
7.052428	0.000000
7.054687	0.000000
7.056944	0.000000
7.061458	0.000000
7.063714	0.000000
7.068223	0.000000
7.070476	0.000000
7.072729	0.000000
7.074981	0.000000
7.077233	0.000000
7.079483	0.000000
7.081733	0.000000
7.086231	0.000000
7.088479	0.000000
7.090726	0.000000
7.092972	0.000000
7.095218	0.000000
7.097463	0.000000
7.099707	0.000000
7.104194	0.000000
7.106436	0.000000
7.108677	0.000000
7.110918	0.000000
7.113158	0.000000
7.115397	0.000000
7.117636	0.000000
7.122111	0.000000
7.124347	0.000000
7.126583	0.000000
7.128818	0.000000
7.133286	0.000000
7.135519	0.000000
7.139983	1333.333333
7.142214	0.000000
7.144444	0.000000
7.146674	0.000000
7.148903	0.000000
7.151131	0.000000
7.153358	0.000000
7.157811	0.000000
7.160036	0.000000
7.162261	0.000000
7.164485	0.000000
7.166708	0.000000
7.168931	0.000000
7.171153	0.000000
7.175594	0.000000
7.177814	0.000000
7.180033	0.000000
7.182252	0.000000
7.184470	0.000000
7.186687	0.000000
7.188903	0.000000
7.193334	0.000000
7.195548	0.000000
7.197762	0.000000
7.199975	0.000000
7.204399	0.000000
7.206610	0.000000
7.211030	0.000000
7.213239	0.000000
7.215447	0.000000
7.217654	0.000000
7.219861	0.000000
7.222068	0.000000
7.224273	0.000000
7.228682	0.000000
7.230886	0.000000
7.233089	0.000000
7.235291	0.000000
7.237492	0.000000
7.239693	0.000000
7.241893	0.000000
7.248490	0.000000
7.250687	0.000000
7.252884	0.000000
7.255080	0.000000
7.257276	0.000000
7.259471	0.000000
7.263858	0.000000
7.266051	0.000000
7.268243	0.000000
7.270435	0.000000
7.274816	0.000000
7.277006	0.000000
7.281383	0.000000
7.283570	0.000000
7.285757	0.000000
7.287944	0.000000
7.290129	0.000000
7.292314	0.000000
7.294499	0.000000
7.298865	0.000000
7.301048	0.000000
7.303229	0.000000
7.305410	0.000000
7.307591	0.000000
7.309770	0.000000
7.311949	0.000000
7.316306	0.000000
7.318483	0.000000
7.320659	0.000000
7.322835	0.000000
7.325010	0.000000
7.327185	0.000000
7.329359	0.000000
7.333705	0.000000
7.335877	0.000000
7.338048	0.000000
7.340219	0.000000
7.344558	0.000000
7.346727	0.000000
7.351063	0.000000
7.353230	0.000000
7.355396	0.000000
7.357561	0.000000
7.359726	0.000000
7.361891	0.000000
7.364054	0.000000
7.368380	0.000000
7.370542	0.000000
7.372703	0.000000
7.374863	0.000000
7.377023	0.000000
7.379182	0.000000
7.381341	0.000000
7.385656	0.000000
7.387813	0.000000
7.389969	0.000000
7.392124	0.000000
7.394279	0.000000
7.396433	0.000000
7.398587	0.000000
7.402892	0.000000
7.405044	0.000000
7.407195	0.000000
7.409345	0.000000
7.413644	0.000000
7.415793	0.000000
7.420088	0.000000
7.422235	0.000000
7.424381	0.000000
7.426527	0.000000
7.428671	0.000000
7.430816	0.000000
7.432959	0.000000
7.437245	0.000000
7.439386	0.000000
7.441527	0.000000
7.443668	0.000000
7.445808	0.000000
7.447947	0.000000
7.450086	0.000000
7.454361	0.000000
7.456498	0.000000
7.458634	0.000000
7.460770	0.000000
7.462905	0.000000
7.465039	0.000000
7.467173	0.000000
7.471439	0.000000
7.473571	0.000000
7.475702	0.000000
7.477833	0.000000
7.482093	0.000000
7.484222	0.000000
7.488478	0.000000
7.490605	0.000000
7.492731	0.000000
7.494857	0.000000
7.496982	0.000000
7.499107	0.000000
7.501231	0.000000
7.505478	0.000000
7.507600	0.000000
7.509722	0.000000
7.511843	0.000000
7.513963	0.000000
7.516083	0.000000
7.518202	0.000000
7.524557	0.000000
7.526674	0.000000
7.528790	0.000000
7.530906	0.000000
7.533021	0.000000
7.535135	0.000000
7.539363	0.000000
7.541475	0.000000
7.543587	0.000000
7.545699	0.000000
7.549920	0.000000
7.552030	0.000000
7.558356	0.000000
7.560464	0.000000
7.562570	0.000000
7.564677	0.000000
7.566782	0.000000
7.568887	0.000000
7.573096	0.000000
7.575199	0.000000
7.577302	0.000000
7.579404	0.000000
7.581506	0.000000
7.583607	0.000000
7.585707	0.000000
7.589906	0.000000
7.592005	0.000000
7.594103	0.000000
7.596201	0.000000
7.598298	0.000000
7.600394	0.000000
7.602490	0.000000
7.606680	0.000000
7.608774	0.000000
7.610867	0.000000
7.612960	0.000000
7.617144	0.000000
7.619235	0.000000
7.623416	0.000000
7.625506	0.000000
7.627594	0.000000
7.629683	0.000000
7.631770	0.000000
7.633858	0.000000
7.635944	0.000000
7.640116	0.000000
7.642201	0.000000
7.644285	0.000000
7.646369	0.000000
7.648452	0.000000
7.650535	0.000000
7.652617	0.000000
7.656779	0.000000
7.658859	0.000000
7.660939	0.000000
7.663018	0.000000
7.665097	0.000000
7.667175	0.000000
7.669253	0.000000
7.673406	0.000000
7.675482	0.000000
7.677557	0.000000
7.679632	0.000000
7.683780	0.000000
7.685853	0.000000
7.689997	0.000000
7.692069	0.000000
7.694140	0.000000
7.696210	0.000000
7.698280	0.000000
7.700349	0.000000
7.702417	0.000000
7.706553	0.000000
7.708620	0.000000
7.710686	0.000000
7.712752	0.000000
7.714817	0.000000
7.716882	0.000000
7.718946	0.000000
7.723073	0.000000
7.725135	0.000000
7.727197	0.000000
7.729259	0.000000
7.731320	0.000000
7.733380	0.000000
7.735440	0.000000
7.739557	0.000000
7.741616	0.000000
7.743673	0.000000
7.745730	0.000000
7.749843	0.000000
7.751898	0.000000
7.756007	0.000000
7.758061	0.000000
7.760114	0.000000
7.762167	0.000000
7.764219	0.000000
7.766270	0.000000
7.768322	0.000000
7.772422	0.000000
7.774471	0.000000
7.776520	0.000000
7.778569	0.000000
7.780616	1333.333333
7.782664	0.000000
7.784710	0.000000
7.790847	0.000000
7.792892	0.000000
7.794936	0.000000
7.796979	0.000000
7.799022	0.000000
7.801065	0.000000
7.805148	0.000000
7.807189	0.000000
7.809229	0.000000
7.811269	0.000000
7.815347	0.000000
7.817385	0.000000
7.821460	0.000000
7.823496	0.000000
7.825532	0.000000
7.827568	0.000000
7.829603	0.000000
7.831637	0.000000
7.833671	0.000000
7.837738	0.000000
7.839770	0.000000
7.841802	0.000000
7.843833	0.000000
7.845864	0.000000
7.847894	0.000000
7.849924	0.000000
7.853982	0.000000
7.856010	0.000000
7.858037	0.000000
7.860064	0.000000
7.862091	0.000000
7.864117	0.000000
7.866143	0.000000
7.870192	0.000000
7.872216	0.000000
7.874240	0.000000
7.876262	0.000000
7.880307	0.000000
7.882328	0.000000
7.886369	0.000000
7.888389	0.000000
7.890408	0.000000
7.892427	0.000000
7.894445	0.000000
7.896463	0.000000
7.898480	0.000000
7.902513	0.000000
7.904529	0.000000
7.906544	0.000000
7.908559	0.000000
7.910573	0.000000
7.912587	0.000000
7.914600	0.000000
7.918625	0.000000
7.920636	0.000000
7.922647	0.000000
7.924658	0.000000
7.926668	0.000000
7.928677	0.000000
7.930686	0.000000
7.934703	0.000000
7.936711	0.000000
7.938718	0.000000
7.940724	0.000000
7.944735	0.000000
7.946740	0.000000
7.952752	0.000000
7.954755	0.000000
7.956758	0.000000
7.958760	0.000000
7.960761	0.000000
7.962762	0.000000
7.966763	0.000000
7.968762	0.000000
7.970761	0.000000
7.972759	0.000000
7.974757	0.000000
7.976755	0.000000
7.978752	0.000000
7.982744	1333.333333
7.984739	0.000000
7.986734	0.000000
7.988729	0.000000
7.990723	0.000000
7.992716	0.000000
7.994709	0.000000
7.998694	0.000000
8.000685	0.000000
8.002676	0.000000
8.004666	0.000000
8.008646	0.000000
8.010635	0.000000
8.014611	0.000000
8.016599	0.000000
8.018586	0.000000
8.020572	0.000000
8.022558	0.000000
8.024544	0.000000
8.026529	0.000000
8.030498	0.000000
8.032481	0.000000
8.034464	0.000000
8.036447	0.000000
8.038429	0.000000
8.040411	0.000000
8.042392	0.000000
8.048332	0.000000
8.050311	0.000000
8.052290	0.000000
8.054268	0.000000
8.056246	0.000000
8.058223	0.000000
8.062176	0.000000
8.064152	0.000000
8.066127	0.000000
8.068102	0.000000
8.072050	0.000000
8.074024	0.000000
8.077969	0.000000
8.079941	0.000000
8.081912	0.000000
8.083883	0.000000
8.085854	0.000000
8.087824	0.000000
8.089793	0.000000
8.093731	0.000000
8.095699	0.000000
8.097667	0.000000
8.099634	0.000000
8.101600	0.000000
8.103567	0.000000
8.105532	0.000000
8.109462	0.000000
8.111426	0.000000
8.113390	0.000000
8.115354	0.000000
8.117316	0.000000
8.119279	0.000000
8.121241	0.000000
8.125163	0.000000
8.127123	0.000000
8.129083	0.000000
8.131043	0.000000
8.134961	0.000000
8.136919	0.000000
8.140833	0.000000
8.142790	0.000000
8.144746	0.000000
8.146702	0.000000
8.148657	0.000000
8.150612	0.000000
8.152567	0.000000
8.156474	0.000000
8.158427	0.000000
8.160379	0.000000
8.162331	0.000000
8.164283	0.000000
8.166234	0.000000
8.168185	0.000000
8.172084	0.000000
8.174034	0.000000
8.175982	0.000000
8.177931	0.000000
8.179878	0.000000
8.181826	0.000000
8.183773	0.000000
8.187665	0.000000
8.189611	0.000000
8.191556	0.000000
8.193500	0.000000
8.197388	0.000000
8.199331	0.000000
8.203216	0.000000
8.205158	0.000000
8.207099	0.000000
8.209040	0.000000
8.210981	0.000000
8.212921	0.000000
8.214860	0.000000
8.218738	0.000000
8.220676	0.000000
8.222614	0.000000
8.224551	0.000000
8.226488	0.000000
8.228424	0.000000
8.230360	0.000000
8.234230	0.000000
8.236165	0.000000
8.238099	0.000000
8.240033	0.000000
8.241966	0.000000
8.243898	0.000000
8.245831	0.000000
8.249694	0.000000
8.251625	0.000000
8.253555	0.000000
8.255485	0.000000
8.259344	0.000000
8.261272	0.000000
8.265128	0.000000
8.267055	0.000000
8.268982	0.000000
8.270909	0.000000
8.272835	0.000000
8.274760	0.000000
8.276685	0.000000
8.280534	0.000000
8.282458	0.000000
8.284381	0.000000
8.286304	0.000000
8.288226	0.000000
8.290148	0.000000
8.292069	0.000000
8.297831	0.000000
8.299751	0.000000
8.301670	0.000000
8.303589	0.000000
8.305507	0.000000
8.307425	0.000000
8.311260	0.000000
8.313176	0.000000
8.315092	0.000000
8.317008	0.000000
8.320838	0.000000
8.322752	0.000000
8.326580	0.000000
8.328493	0.000000
8.330406	0.000000
8.332318	0.000000
8.334229	0.000000
8.336141	0.000000
8.338052	0.000000
8.341872	0.000000
8.343782	0.000000
8.345691	0.000000
8.347599	0.000000
8.351415	0.000000
8.353323	0.000000
8.357136	0.000000
8.359042	0.000000
8.360948	0.000000
8.362853	0.000000
8.364758	0.000000
8.366662	0.000000
8.368566	0.000000
8.372373	0.000000
8.374275	0.000000
8.376177	0.000000
8.378079	0.000000
8.381881	0.000000
8.383782	0.000000
8.387581	0.000000
8.389480	0.000000
8.391379	0.000000
8.393277	0.000000
8.395175	0.000000
8.397073	0.000000
8.398970	0.000000
8.402762	0.000000
8.404658	0.000000
8.406553	0.000000
8.408448	0.000000
8.410343	0.000000
8.412237	0.000000
8.414130	0.000000
8.417916	0.000000
8.419808	0.000000
8.421700	0.000000
8.423592	0.000000
8.425483	0.000000
8.427373	0.000000
8.429264	0.000000
8.433043	0.000000
8.434932	0.000000
8.436820	0.000000
8.438708	0.000000
8.442483	0.000000
8.444370	0.000000
8.448142	0.000000
8.450028	0.000000
8.451913	0.000000
8.453798	0.000000
8.455682	0.000000
8.457566	0.000000
8.459449	0.000000
8.463215	0.000000
8.465097	0.000000
8.466979	0.000000
8.468860	0.000000
8.470741	0.000000
8.472621	0.000000
8.474501	0.000000
8.478260	0.000000
8.480139	0.000000
8.482018	0.000000
8.483896	0.000000
8.485773	0.000000
8.487650	0.000000
8.489527	0.000000
8.493279	0.000000
8.495155	0.000000
8.497030	0.000000
8.498905	0.000000
8.502653	0.000000
8.504526	0.000000
8.508272	0.000000
8.510144	0.000000
8.512016	0.000000
8.513887	0.000000
8.515758	0.000000
8.517629	0.000000
8.519499	0.000000
8.523238	0.000000
8.525107	0.000000
8.526976	0.000000
8.528844	0.000000
8.530711	0.000000
8.532579	0.000000
8.534446	0.000000
8.540044	0.000000
8.541909	0.000000
8.543774	0.000000
8.545638	0.000000
8.547502	0.000000
8.549366	0.000000
8.553092	0.000000
8.554954	0.000000
8.556816	0.000000
8.558678	0.000000
8.562400	0.000000
8.564260	0.000000
8.567980	0.000000
8.569839	0.000000
8.571698	0.000000
8.573556	0.000000
8.575414	0.000000
8.577272	0.000000
8.579129	0.000000
8.582842	0.000000
8.584698	0.000000
8.586554	0.000000
8.588409	0.000000
8.590263	0.000000
8.592118	0.000000
8.593972	0.000000
8.597678	0.000000
8.599531	0.000000
8.601384	0.000000
8.603235	0.000000
8.605087	0.000000
8.606938	0.000000
8.608789	0.000000
8.612489	0.000000
8.614339	0.000000
8.616188	0.000000
8.618037	0.000000
8.621733	0.000000
8.623581	0.000000
8.627275	0.000000
8.629121	0.000000
8.630967	0.000000
8.632813	0.000000
8.634658	0.000000
8.636503	0.000000
8.638347	0.000000
8.642035	0.000000
8.643878	0.000000
8.645721	0.000000
8.647563	0.000000
8.649405	0.000000
8.651247	0.000000
8.653088	0.000000
8.656770	0.000000
8.658610	0.000000
8.660450	0.000000
8.662289	0.000000
8.664128	0.000000
8.665966	0.000000
8.667804	0.000000
8.671480	0.000000
8.673317	0.000000
8.675153	0.000000
8.676989	0.000000
8.680661	0.000000
8.682496	0.000000
8.687998	0.000000
8.689832	0.000000
8.691665	0.000000
8.693498	0.000000
8.695330	0.000000
8.697162	0.000000
8.700825	0.000000
8.702656	0.000000
8.704486	0.000000
8.706316	0.000000
8.708146	0.000000
8.709975	0.000000
8.711804	0.000000
8.715460	0.000000
8.717288	0.000000
8.719115	0.000000
8.720942	0.000000
8.722769	0.000000
8.724595	0.000000
8.726421	0.000000
8.730071	0.000000
8.731896	0.000000
8.733720	0.000000
8.735544	0.000000
8.739191	0.000000
8.741014	0.000000
8.744658	1333.333333
8.746480	0.000000
8.748301	0.000000
8.750122	0.000000
8.751942	0.000000
8.753762	0.000000
8.755582	0.000000
8.759220	0.000000
8.761039	0.000000
8.762857	0.000000
8.764675	0.000000
8.766492	0.000000
8.768309	0.000000
8.770126	0.000000
8.775574	0.000000
8.777389	0.000000
8.779204	0.000000
8.781018	0.000000
8.782832	0.000000
8.784646	0.000000
8.788272	0.000000
8.790085	0.000000
8.791897	0.000000
8.793709	0.000000
8.797332	0.000000
8.799142	0.000000
8.802763	0.000000
8.804572	0.000000
8.806381	0.000000
8.808190	0.000000
8.809999	0.000000
8.811807	0.000000
8.813615	0.000000
8.819036	0.000000
8.820842	0.000000
8.822648	0.000000
8.824453	0.000000
8.826258	0.000000
8.828063	0.000000
8.831672	0.000000
8.833475	0.000000
8.835279	0.000000
8.837082	0.000000
8.838884	0.000000
8.840686	0.000000
8.842488	0.000000
8.846091	0.000000
8.847891	0.000000
8.849692	0.000000
8.851492	0.000000
8.855091	0.000000
8.856890	0.000000
8.860486	0.000000
8.862284	0.000000
8.864082	0.000000
8.865879	0.000000
8.867675	0.000000
8.869472	0.000000
8.871268	0.000000
8.874859	0.000000
8.876653	0.000000
8.878448	0.000000
8.880242	0.000000
8.882036	0.000000
8.883829	0.000000
8.885622	0.000000
8.889208	0.000000
8.891000	0.000000
8.892791	0.000000
8.894582	0.000000
8.896373	0.000000
8.898164	0.000000
8.899954	0.000000
8.903533	0.000000
8.905323	0.000000
8.907111	0.000000
8.908900	0.000000
8.912475	0.000000
8.914263	0.000000
8.919623	0.000000
8.921408	0.000000
8.923194	0.000000
8.924979	0.000000
8.926764	0.000000
8.928548	0.000000
8.932116	0.000000
8.933900	0.000000
8.935683	0.000000
8.937465	0.000000
8.939248	0.000000
8.941030	0.000000
8.942811	0.000000
8.948154	0.000000
8.949934	0.000000
8.953494	0.000000
8.955273	0.000000
8.957051	0.000000
8.960608	0.000000
8.962386	0.000000
8.964163	0.000000
8.965940	0.000000
8.969493	0.000000
8.971269	0.000000
8.974820	0.000000
8.976595	0.000000
8.978369	0.000000
8.980144	0.000000
8.981917	0.000000
8.983691	0.000000
8.985464	0.000000
8.989009	0.000000
8.990781	0.000000
8.992553	0.000000
8.994325	0.000000
8.996096	0.000000
8.997866	0.000000
8.999637	0.000000
9.004946	0.000000
9.006715	0.000000
9.008483	0.000000
9.010252	0.000000
9.012019	0.000000
9.013787	0.000000
9.017321	0.000000
9.019088	0.000000
9.020854	0.000000
9.022620	0.000000
9.026150	0.000000
9.027915	0.000000
9.033208	0.000000
9.034971	0.000000
9.036734	0.000000
9.038497	0.000000
9.040259	0.000000
9.042021	0.000000
9.045545	0.000000
9.047306	0.000000
9.049066	0.000000
9.050827	0.000000
9.054346	0.000000
9.056106	0.000000
9.059623	0.000000
9.061381	0.000000
9.063139	0.000000
9.064897	0.000000
9.066654	0.000000
9.068411	0.000000
9.070168	0.000000
9.073680	0.000000
9.075436	0.000000
9.077191	0.000000
9.078946	0.000000
9.082454	0.000000
9.084208	0.000000
9.087715	0.000000
9.089468	0.000000
9.091220	0.000000
9.092973	0.000000
9.094725	0.000000
9.096476	0.000000
9.098227	0.000000
9.101729	0.000000
9.103479	0.000000
9.105229	0.000000
9.106978	0.000000
9.108727	0.000000
9.112224	0.000000
9.115720	0.000000
9.117468	0.000000
9.119215	0.000000
9.120962	0.000000
9.122708	0.000000
9.124454	0.000000
9.126200	0.000000
9.129691	0.000000
9.131436	0.000000
9.133180	0.000000
9.134924	0.000000
9.138412	0.000000
9.140155	0.000000
9.143640	0.000000
9.145382	0.000000
9.147124	0.000000
9.148865	0.000000
9.150607	0.000000
9.152347	0.000000
9.154088	0.000000
9.157568	0.000000
9.159307	0.000000
9.161047	0.000000
9.162785	0.000000
9.164524	0.000000
9.166262	0.000000
9.168000	0.000000
9.171475	0.000000
9.173211	0.000000
9.174948	0.000000
9.176684	0.000000
9.178420	0.000000
9.180156	0.000000
9.181891	0.000000
9.185360	0.000000
9.187095	0.000000
9.188828	0.000000
9.190562	0.000000
9.194028	0.000000
9.195761	0.000000
9.199225	0.000000
9.200957	0.000000
9.202688	0.000000
9.204419	0.000000
9.206150	0.000000
9.207880	0.000000
9.209610	0.000000
9.213069	0.000000
9.214798	0.000000
9.216527	0.000000
9.219983	0.000000
9.221711	0.000000
9.223438	0.000000
9.228618	0.000000
9.230344	0.000000
9.232070	0.000000
9.233796	0.000000
9.235521	0.000000
9.237246	0.000000
9.240694	0.000000
9.242418	0.000000
9.244142	0.000000
9.245865	0.000000
9.249310	0.000000
9.251033	0.000000
9.254476	0.000000
9.256197	0.000000
9.257918	0.000000
9.259639	0.000000
9.261359	0.000000
9.263079	0.000000
9.264799	0.000000
9.268237	0.000000
9.269956	0.000000
9.271675	0.000000
9.275110	571.428571
9.276828	0.000000
9.278545	0.000000
9.283694	0.000000
9.285410	0.000000
9.287126	0.000000
9.288841	0.000000
9.290556	0.000000
9.292271	0.000000
9.295699	0.000000
9.297413	0.000000
9.299126	0.000000
9.300839	0.000000
9.304264	0.000000
9.305976	0.000000
9.309399	0.000000
9.311110	0.000000
9.312821	0.000000
9.314532	0.000000
9.316242	0.000000
9.317952	0.000000
9.319661	0.000000
9.324788	0.000000
9.326496	0.000000
9.328204	0.000000
9.329912	0.000000
9.331619	0.000000
9.333327	0.000000
9.336740	0.000000
9.340152	0.000000
9.341857	0.000000
9.343562	0.000000
9.345267	0.000000
9.346972	0.000000
9.350380	0.000000
9.352084	0.000000
9.353787	0.000000
9.355490	0.000000
9.358895	0.000000
9.360597	0.000000
9.364000	0.000000
9.365701	0.000000
9.367402	0.000000
9.369103	0.000000
9.370803	0.000000
9.372503	0.000000
9.374203	0.000000
9.377601	0.000000
9.379300	0.000000
9.380998	0.000000
9.382696	0.000000
9.386091	0.000000
9.387788	0.000000
9.391182	0.000000
9.392878	0.000000
9.394574	0.000000
9.396270	0.000000
9.397965	0.000000
9.399660	0.000000
9.401355	0.000000
9.404743	0.000000
9.406437	0.000000
9.408130	0.000000
9.409824	0.000000
9.413209	0.000000
9.414901	0.000000
9.418285	0.000000
9.419976	0.000000
9.421667	0.000000
9.423358	0.000000
9.425048	0.000000
9.426739	0.000000
9.428428	0.000000
9.431807	0.000000
9.433496	0.000000
9.436873	0.000000
9.438561	0.000000
9.441936	0.000000
9.446997	0.000000
9.448683	0.000000
9.450369	0.000000
9.452054	0.000000
9.453740	0.000000
9.455425	0.000000
9.460478	0.000000
9.462162	0.000000
9.463845	0.000000
9.467211	0.000000
9.468894	0.000000
9.473940	0.000000
9.475621	0.000000
9.477302	0.000000
9.478983	0.000000
9.480664	0.000000
9.482344	0.000000
9.485704	0.000000
9.487383	0.000000
9.489062	0.000000
9.490741	0.000000
9.492419	0.000000
9.494097	0.000000
9.495775	0.000000
9.499130	0.000000
9.500807	0.000000
9.502484	0.000000
9.504160	0.000000
9.507512	0.000000
9.509187	0.000000
9.512537	0.000000
9.514212	0.000000
9.515886	0.000000
9.517560	0.000000
9.520907	0.000000
9.522581	0.000000
9.525926	0.000000
9.527598	0.000000
9.529270	0.000000
9.532613	0.000000
9.534284	0.000000
9.535955	0.000000
9.539296	0.000000
9.540965	0.000000
9.542635	0.000000
9.544304	0.000000
9.547642	0.000000
9.549311	0.000000
9.552647	0.000000
9.554314	0.000000
9.555981	0.000000
9.557648	0.000000
9.559315	0.000000
9.560982	0.000000
9.562648	0.000000
9.565979	0.000000
9.567644	0.000000
9.569309	0.000000
9.570974	0.000000
9.574302	0.000000
9.579293	0.000000
9.580956	0.000000
9.582618	0.000000
9.584281	0.000000
9.585943	0.000000
9.587605	0.000000
9.589266	0.000000
9.592588	0.000000
9.594249	0.000000
9.595909	0.000000
9.597569	0.000000
9.599229	0.000000
9.600888	0.000000
9.602548	0.000000
9.605865	0.000000
9.607523	0.000000
9.609181	0.000000
9.610839	0.000000
9.612497	0.000000
9.614154	0.000000
9.615811	0.000000
9.619124	0.000000
9.620780	0.000000
9.622436	0.000000
9.624091	0.000000
9.627401	0.000000
9.629056	0.000000
9.632364	0.000000
9.634018	0.000000
9.635671	0.000000
9.637325	0.000000
9.638977	0.000000
9.640630	0.000000
9.642282	0.000000
9.645586	0.000000
9.647238	0.000000
9.648889	0.000000
9.650540	0.000000
9.652191	0.000000
9.653841	0.000000
9.655491	0.000000
9.662089	0.000000
9.665386	0.000000
9.667034	0.000000
9.668682	0.000000
9.671976	0.000000
9.673623	0.000000
9.675270	0.000000
9.676917	0.000000
9.680209	0.000000
9.681854	0.000000
9.686789	0.000000
9.688434	0.000000
9.691722	0.000000
9.695009	0.000000
9.698295	0.000000
9.699937	0.000000
9.701580	0.000000
9.703222	0.000000
9.704863	0.000000
9.706505	0.000000
9.708146	0.000000
9.711427	0.000000
9.713068	0.000000
9.714708	0.000000
9.716347	0.000000
9.717987	0.000000
9.719626	0.000000
9.721265	0.000000
9.726180	0.000000
9.727818	0.000000
9.729455	0.000000
9.732730	0.000000
9.734366	0.000000
9.739275	0.000000
9.740910	0.000000
9.742546	0.000000
9.744181	0.000000
9.745816	0.000000
9.747450	0.000000
9.750718	0.000000
9.752352	0.000000
9.753986	0.000000
9.755619	0.000000
9.757252	0.000000
9.758884	0.000000
9.760516	0.000000
9.763780	0.000000
9.765412	0.000000
9.767043	0.000000
9.770305	0.000000
9.771935	0.000000
9.773565	0.000000
9.776825	0.000000
9.778454	0.000000
9.780083	0.000000
9.784969	0.000000
9.786597	0.000000
9.791479	0.000000
9.793106	0.000000
9.794733	0.000000
9.796359	0.000000
9.797985	0.000000
9.799611	0.000000
9.804487	0.000000
9.806111	0.000000
9.807736	0.000000
9.809360	0.000000
9.810984	0.000000
9.815854	0.000000
9.817477	0.000000
9.819100	0.000000
9.820722	0.000000
9.822344	0.000000
9.823966	0.000000
9.825587	0.000000
9.828830	0.000000
9.830450	0.000000
9.832071	0.000000
9.833691	0.000000
9.836930	0.000000
9.838550	0.000000
9.841788	0.000000
9.843406	0.000000
9.845025	0.000000
9.846643	0.000000
9.848261	0.000000
9.849878	0.000000
9.851495	0.000000
9.854729	0.000000
9.856345	0.000000
9.857962	0.000000
9.859578	0.000000
9.862809	0.000000
9.864424	0.000000
9.869268	0.000000
9.870882	0.000000
9.872495	0.000000
9.874109	0.000000
9.875722	0.000000
9.877335	0.000000
9.880561	0.000000
9.882173	0.000000
9.883785	0.000000
9.885396	0.000000
9.888619	0.000000
9.890230	0.000000
9.893451	0.000000
9.895061	0.000000
9.896671	0.000000
9.898281	0.000000
9.899890	0.000000
9.901499	0.000000
9.903108	0.000000
9.906325	0.000000
9.907933	0.000000
9.911148	0.000000
9.912755	0.000000
9.915969	0.000000
9.920788	0.000000
9.922393	0.000000
9.923999	0.000000
9.925604	0.000000
9.927209	0.000000
9.928814	0.000000
9.932022	0.000000
9.933626	0.000000
9.935230	0.000000
9.936833	0.000000
9.940039	0.000000
9.941642	0.000000
9.944846	0.000000
9.948049	0.000000
9.949651	0.000000
9.951252	0.000000
9.952852	0.000000
9.954453	0.000000
9.959253	0.000000
9.960852	0.000000
9.962452	0.000000
9.965649	0.000000
9.967248	0.000000
9.972042	0.000000
9.973639	0.000000
9.975236	0.000000
9.978430	0.000000
9.980026	0.000000
9.983219	0.000000
9.984814	0.000000
9.986410	0.000000
9.992789	0.000000
9.997570	0.000000
9.999164	0.000000
10.000757	0.000000
10.002350	0.000000
10.003942	0.000000
10.005535	0.000000
10.008718	0.000000
10.010310	0.000000
10.011901	0.000000
10.013492	0.000000
10.016674	0.000000
10.018264	0.000000
10.021444	0.000000
10.023034	0.000000
10.026212	0.000000
10.027801	0.000000
10.029389	0.000000
10.030978	0.000000
10.035741	0.000000
10.038916	0.000000
10.042089	0.000000
10.046847	0.000000
10.048433	0.000000
10.050018	0.000000
10.051603	0.000000
10.054772	0.000000
10.056357	0.000000
10.059524	0.000000
10.061108	0.000000
10.062691	0.000000
10.064274	0.000000
10.067440	0.000000
10.073767	0.000000
10.075349	0.000000
10.076930	0.000000
10.078511	0.000000
10.080091	0.000000
10.081672	0.000000
10.087990	0.000000
10.092727	0.000000
10.094305	0.000000
10.097461	1333.333333
10.099039	0.000000
10.100616	0.000000
10.102193	0.000000
10.103770	0.000000
10.105347	0.000000
10.106923	0.000000
10.111651	0.000000
10.113226	0.000000
10.114801	0.000000
10.116376	0.000000
10.117951	0.000000
10.119525	0.000000
10.122673	0.000000
10.124247	0.000000
10.125821	0.000000
10.127394	0.000000
10.128967	0.000000
10.130539	0.000000
10.132112	0.000000
10.135256	0.000000
10.136828	0.000000
10.138399	0.000000
10.143112	0.000000
10.144683	0.000000
10.150962	0.000000
10.152532	0.000000
10.154101	0.000000
10.155669	0.000000
10.157238	0.000000
10.160374	0.000000
10.161942	0.000000
10.163510	0.000000
10.166644	0.000000
10.168211	0.000000
10.169778	0.000000
10.174476	0.000000
10.176042	0.000000
10.177607	0.000000
10.179172	0.000000
10.180737	0.000000
10.182302	0.000000
10.186995	0.000000
10.188559	0.000000
10.194811	0.000000
10.197936	0.000000
10.199498	0.000000
10.201060	0.000000
10.202621	0.000000
10.204183	0.000000
10.205744	0.000000
10.207305	0.000000
10.211986	0.000000
10.213546	0.000000
10.215106	0.000000
10.216665	0.000000
10.224459	0.000000
10.226017	0.000000
10.229132	0.000000
10.230689	0.000000
10.232246	0.000000
10.235360	0.000000
10.236916	0.000000
10.238472	0.000000
10.240028	0.000000
10.243139	0.000000
10.244694	0.000000
10.247804	0.000000
10.249358	0.000000
10.250913	0.000000
10.252467	0.000000
10.254020	0.000000
10.255574	0.000000
10.257127	0.000000
10.261786	0.000000
10.267994	0.000000
10.275748	0.000000
10.278849	0.000000
10.280398	0.000000
10.286595	0.000000
10.288144	0.000000
10.289692	0.000000
10.294336	0.000000
10.298977	0.000000
10.300524	0.000000
10.302071	0.000000
10.303617	0.000000
10.305163	0.000000
10.306709	0.000000
10.309800	0.000000
10.311345	0.000000
10.312890	0.000000
10.314434	0.000000
10.317523	0.000000
10.319067	0.000000
10.322154	0.000000
10.323697	0.000000
10.325240	0.000000
10.331410	0.000000
10.334494	0.000000
10.336035	0.000000
10.337576	0.000000
10.343739	0.000000
10.349898	0.000000
10.351437	0.000000
10.354514	0.000000
10.356053	0.000000
10.359129	0.000000
10.360667	0.000000
10.363742	0.000000
10.365279	0.000000
10.368352	0.000000
10.371425	0.000000
10.372961	0.000000
10.374496	0.000000
10.377567	0.000000
10.379102	0.000000
10.380637	0.000000
10.383706	0.000000
10.386774	0.000000
10.391374	0.000000
10.397505	0.000000
10.399037	0.000000
10.402101	0.000000
10.405163	0.000000
10.408225	0.000000
10.409755	0.000000
10.411286	0.000000
10.412816	0.000000
10.415875	0.000000
10.417404	0.000000
10.420463	0.000000
10.421991	0.000000
10.423520	0.000000
10.425048	0.000000
10.428104	0.000000
10.429631	0.000000
10.432686	0.000000
10.434213	0.000000
10.435740	0.000000
10.437266	0.000000
10.440318	0.000000
10.441844	0.000000
10.446420	0.000000
10.452519	0.000000
10.457090	0.000000
10.458613	0.000000
10.461659	0.000000
10.466227	0.000000
10.470792	0.000000
10.472314	0.000000
10.473835	0.000000
10.475356	0.000000
10.476876	0.000000
10.482957	0.000000
10.484477	0.000000
10.485996	0.000000
10.489034	0.000000
10.493590	0.000000
10.501178	0.000000
10.505728	0.000000
10.507244	0.000000
10.508760	0.000000
10.510276	0.000000
10.511792	0.000000
10.513307	0.000000
10.514822	0.000000
10.517852	0.000000
10.519367	0.000000
10.520881	0.000000
10.522395	0.000000
10.523909	0.000000
10.532988	0.000000
10.534500	0.000000
10.537524	0.000000
10.539036	0.000000
10.543570	0.000000
10.548102	0.000000
10.549612	0.000000
10.551122	0.000000
10.557160	0.000000
10.560178	0.000000
10.561686	0.000000
10.569225	0.000000
10.575253	0.000000
10.579771	0.000000
10.582782	0.000000
10.587298	0.000000
10.591811	0.000000
10.593315	0.000000
10.596322	0.000000
10.599329	0.000000
10.602334	0.000000
10.605339	0.000000
10.615849	0.000000
10.618850	0.000000
10.620350	0.000000
10.621850	0.000000
10.623350	0.000000
10.627848	0.000000
10.629347	0.000000
10.630845	0.000000
10.633842	0.000000
10.639833	0.000000
10.641330	0.000000
10.642827	0.000000
10.645820	0.000000
10.651805	0.000000
10.653300	0.000000
10.656291	0.000000
10.657785	0.000000
10.659280	0.000000
10.663763	0.000000
10.666750	0.000000
10.668244	0.000000
10.669737	0.000000
10.675708	0.000000
10.678692	0.000000
10.681675	0.000000
10.687639	0.000000
10.690620	0.000000
10.693600	0.000000
10.695090	0.000000
10.701046	0.000000
10.705512	0.000000
10.709975	4000.000000
10.711462	0.000000
10.717410	0.000000
10.718896	0.000000
10.721868	0.000000
10.723354	0.000000
10.724840	0.000000
10.730780	0.000000
10.733749	0.000000
10.735233	0.000000
10.736717	0.000000
10.738200	0.000000
10.739684	0.000000
10.742650	0.000000
10.745616	0.000000
10.747098	0.000000
10.748580	0.000000
10.754507	0.000000
10.760431	0.000000
10.766351	0.000000
10.769310	0.000000
10.770790	0.000000
10.776704	0.000000
10.778183	0.000000
10.781138	0.000000
10.784093	0.000000
10.790001	0.000000
10.792953	0.000000
10.795905	0.000000
10.807704	0.000000
10.809178	0.000000
10.812125	0.000000
10.816544	0.000000
10.819490	0.000000
10.820962	0.000000
10.823906	0.000000
10.828321	0.000000
10.829792	0.000000
10.832734	0.000000
10.834204	0.000000
10.841554	0.000000
10.847430	0.000000
10.848899	0.000000
10.853303	0.000000
10.854771	0.000000
10.856238	0.000000
10.859173	0.000000
10.867972	0.000000
10.876763	0.000000
10.882621	0.000000
10.884084	0.000000
10.887011	0.000000
10.894325	0.000000
10.900173	0.000000
10.903096	0.000000
10.911859	0.000000
10.924991	0.000000
10.927907	0.000000
10.929365	0.000000
10.930822	0.000000
10.935194	0.000000
10.936651	0.000000
10.939564	0.000000
10.942476	0.000000
10.948298	0.000000
10.951208	0.000000
10.954117	0.000000
10.959933	0.000000
10.961386	0.000000
10.964292	0.000000
10.965745	0.000000
10.968650	0.000000
10.971555	0.000000
10.974459	0.000000
10.983165	0.000000
10.986066	0.000000
10.988965	0.000000
10.997660	0.000000
10.999109	0.000000
11.012137	0.000000
11.017922	0.000000
11.028039	0.000000
11.030928	0.000000
11.033816	0.000000
11.039589	0.000000
11.041032	0.000000
11.042475	0.000000
11.043918	0.000000
11.045360	0.000000
11.051128	0.000000
11.054011	0.000000
11.056893	0.000000
11.062655	0.000000
11.068414	0.000000
11.074169	0.000000
11.075608	0.000000
11.077046	0.000000
11.085672	0.000000
11.097163	0.000000
11.102904	0.000000
11.112943	0.000000
11.122973	0.000000
11.125838	0.000000
11.130132	0.000000
11.132995	0.000000
11.138717	0.000000
11.141577	0.000000
11.150153	0.000000
11.154439	0.000000
11.155867	0.000000
11.164432	0.000000
11.167285	0.000000
11.175842	0.000000
11.184391	0.000000
11.188664	0.000000
11.190087	0.000000
11.207159	0.000000
11.210001	0.000000
11.234135	0.000000
11.235553	0.000000
11.236971	0.000000
11.239806	0.000000
11.245474	0.000000
11.248307	0.000000
11.251139	0.000000
11.256801	0.000000
11.259631	0.000000
11.262461	0.000000
11.266704	0.000000
11.268118	0.000000
11.273771	0.000000
11.279422	0.000000
11.293538	0.000000
11.296358	0.000000
11.318900	0.000000
11.337183	0.000000
11.339993	0.000000
11.342802	0.000000
11.347015	0.000000
11.348419	0.000000
11.351226	0.000000
11.354033	0.000000
11.359644	0.000000
11.362448	0.000000
11.365252	0.000000
11.370858	0.000000
11.382061	0.000000
11.384860	0.000000
11.404433	0.000000
11.429550	0.000000
11.439303	0.000000
11.442088	0.000000
11.447656	0.000000
11.450439	0.000000
11.458783	0.000000
11.464343	0.000000
11.472678	0.000000
11.475455	0.000000
11.492102	0.000000
11.514261	0.000000
11.543280	0.000000
11.546040	0.000000
11.548799	0.000000
11.554315	0.000000
11.557073	0.000000
11.559829	0.000000
11.565340	0.000000
11.568095	0.000000
11.581858	0.000000
11.601100	0.000000
11.646328	0.000000
11.649064	0.000000
11.651799	0.000000
11.657266	0.000000
11.659999	0.000000
11.662732	0.000000
11.673654	0.000000
11.690019	0.000000
11.748473	0.000000
11.751185	0.000000
11.756606	0.000000
11.759316	0.000000
11.767442	0.000000
11.780972	0.000000
11.852426	0.000000
11.855114	0.000000
11.857801	0.000000
11.863174	0.000000
11.873912	0.000000
11.955475	0.000000
11.958140	0.000000
11.960804	0.000000
11.968793	0.000000
12.057644	0.000000
12.060286	0.000000
12.065568	0.000000
12.161574	0.000000
12.164193	0.000000
12.264623	0.000000
12.366814	4000.000000
