q	S(q)
0.025000	1.854444 
0.075000	1.470364 
0.125000	0.855033 
0.175000	0.250301 
0.225000	-0.115438 
0.275000	-0.126097 
0.325000	0.170946 
0.375000	0.587845 
0.425000	0.886877 
0.475000	0.897269 
0.525000	0.599235 
0.575000	0.129039 
0.625000	-0.300222 
0.675000	-0.519141 
0.725000	-0.494062 
0.775000	-0.334863 
0.825000	-0.212654 
0.875000	-0.238810 
0.925000	-0.384367 
0.975000	-0.496184 
1.025000	-0.404290 
1.075000	-0.052070 
1.125000	0.440320 
1.175000	0.830645 
1.225000	0.902133 
1.275000	0.612416 
1.325000	0.142620 
1.375000	-0.196769 
1.425000	-0.154553 
1.475000	0.293734 
1.525000	0.910626 
1.575000	1.326273 
1.625000	1.260162 
1.675000	0.698464 
1.725000	-0.087834 
1.775000	-0.701339 
1.825000	-0.857647 
1.875000	-0.555294 
1.925000	-0.067208 
1.975000	0.241720 
2.025000	0.152985 
2.075000	-0.267216 
2.125000	-0.721056 
2.175000	-0.888021 
2.225000	-0.648544 
2.275000	-0.168715 
2.325000	0.215247 
2.375000	0.236443 
2.425000	-0.105775 
2.475000	-0.535570 
2.525000	-0.695971 
2.575000	-0.421303 
2.625000	0.109390 
2.675000	0.467937 
2.725000	0.286008 
2.775000	-0.417597 
2.825000	-1.128408 
2.875000	-1.066466 
2.925000	0.339425 
2.975000	3.007243 
3.025000	6.082539 
3.075000	8.272785 
3.125000	8.495995 
3.175000	6.495824 
3.225000	3.061025 
3.275000	-0.309439 
3.325000	-2.142502 
3.375000	-1.736709 
3.425000	0.493445 
3.475000	3.266674 
3.525000	5.135953 
3.575000	5.245941 
3.625000	3.726944 
3.675000	1.524522 
3.725000	-0.205600 
3.775000	-0.762999 
3.825000	-0.238951 
3.875000	0.648615 
3.925000	1.082724 
3.975000	0.685939 
4.025000	-0.268443 
4.075000	-1.087290 
4.125000	-1.157853 
4.175000	-0.376896 
4.225000	0.775327 
4.275000	1.560158 
4.325000	1.482851 
4.375000	0.632254 
4.425000	-0.374848 
4.475000	-0.814546 
4.525000	-0.364345 
4.575000	0.645819 
4.625000	1.424951 
4.675000	1.250240 
4.725000	-0.002451 
4.775000	-1.684212 
4.825000	-2.699825 
4.875000	-2.163309 
4.925000	0.012374 
4.975000	2.967994 
5.025000	5.313417 
5.075000	5.884404 
5.125000	4.402611 
5.175000	1.645376 
5.225000	-0.983663 
5.275000	-2.237864 
5.325000	-1.709507 
5.375000	-0.016202 
5.425000	1.607533 
5.475000	2.062697 
5.525000	1.035492 
5.575000	-0.830776 
5.625000	-2.326550 
5.675000	-2.384567 
5.725000	-0.687155 
5.775000	2.168474 
5.825000	5.015861 
5.875000	6.749426 
5.925000	6.868361 
5.975000	5.644269 
6.025000	3.863384 
6.075000	2.340080 
6.125000	1.503894 
6.175000	1.279106 
6.225000	1.273989 
6.275000	1.111311 
6.325000	0.673421 
6.375000	0.124775 
6.425000	-0.262280 
6.475000	-0.328870 
6.525000	-0.138884 
6.575000	0.085535 
6.625000	0.136518 
6.675000	-0.033107 
6.725000	-0.291797 
6.775000	-0.441150 
6.825000	-0.365532 
6.875000	-0.106781 
6.925000	0.186193 
6.975000	0.386899 
7.025000	0.495197 
7.075000	0.631887 
7.125000	0.924140 
7.175000	1.367170 
7.225000	1.771704 
7.275000	1.850917 
7.325000	1.402467 
7.375000	0.469294 
7.425000	-0.632085 
7.475000	-1.446281 
7.525000	-1.603760 
7.575000	-1.004667 
7.625000	0.143698 
7.675000	1.450117 
7.725000	2.541274 
7.775000	3.220022 
7.825000	3.497000 
7.875000	3.500397 
7.925000	3.344749 
7.975000	3.054775 
8.025000	2.588850 
8.075000	1.928886 
8.125000	1.155280 
8.175000	0.440064 
8.225000	-0.043806 
8.275000	-0.232077 
8.325000	-0.212778 
8.375000	-0.162013 
8.425000	-0.207589 
8.475000	-0.313815 
8.525000	-0.276256 
8.575000	0.152492 
8.625000	1.073916 
8.675000	2.311245 
8.725000	3.431173 
8.775000	3.930527 
8.825000	3.498303 
8.875000	2.210076 
8.925000	0.539444 
8.975000	-0.833909 
9.025000	-1.330552 
9.075000	-0.740267 
9.125000	0.680351 
9.175000	2.328131 
9.225000	3.528775 
9.275000	3.831406 
9.325000	3.183771 
9.375000	1.915350 
9.425000	0.552092 
9.475000	-0.435768 
9.525000	-0.828742 
9.575000	-0.710693 
9.625000	-0.370223 
9.675000	-0.116208 
9.725000	-0.109046 
9.775000	-0.292458 
9.825000	-0.452797 
9.875000	-0.364771 
9.925000	0.060877 
9.975000	0.709730 
10.025000	1.312544 
10.075000	1.583359 
10.125000	1.372085 
10.175000	0.750410 
10.225000	-0.012816 
10.275000	-0.571133 
10.325000	-0.651234 
10.375000	-0.160243 
10.425000	0.795271 
10.475000	1.972727 
10.525000	3.093387 
10.575000	3.924988 
10.625000	4.318615 
10.675000	4.208056 
10.725000	3.601407 
10.775000	2.587108 
10.825000	1.348454 
10.875000	0.156444 
10.925000	-0.687024 
10.975000	-0.952454 
11.025000	-0.589359 
11.075000	0.225847 
11.125000	1.142125 
11.175000	1.775385 
11.225000	1.875372 
11.275000	1.434147 
11.325000	0.680735 
11.375000	-0.032799 
11.425000	-0.391889 
11.475000	-0.245504 
11.525000	0.356117 
11.575000	1.212460 
11.625000	2.068496 
11.675000	2.701301 
11.725000	2.967535 
11.775000	2.816106 
11.825000	2.287720 
11.875000	1.513233 
11.925000	0.699799 
11.975000	0.083385 
12.025000	-0.156420 
12.075000	0.012378 
12.125000	0.433313 
12.175000	0.814636 
12.225000	0.868913 
12.275000	0.471737 
12.325000	-0.253349 
12.375000	-0.983392 
12.425000	-1.360304 
12.475000	-1.179342 
12.525000	-0.490614 
12.575000	0.445798 
12.625000	1.318167 
12.675000	1.929926 
12.725000	2.268107 
12.775000	2.437931 
12.825000	2.524261 
12.875000	2.493471 
12.925000	2.218805 
12.975000	1.616954 
13.025000	0.790768 
13.075000	0.052827 
13.125000	-0.220593 
13.175000	0.168418 
13.225000	1.061722 
13.275000	1.973855 
13.325000	2.345813 
13.375000	1.889298 
13.425000	0.806771 
13.475000	-0.271600 
13.525000	-0.626102 
13.575000	0.124115 
13.625000	1.759109 
13.675000	3.533205 
13.725000	4.560116 
13.775000	4.292808 
13.825000	2.821586 
13.875000	0.819644 
13.925000	-0.826663 
13.975000	-1.483691 
14.025000	-1.067779 
14.075000	-0.022310 
14.125000	0.981932 
14.175000	1.425952 
14.225000	1.181942 
14.275000	0.503670 
14.325000	-0.180836 
14.375000	-0.518131 
14.425000	-0.372451 
14.475000	0.184755 
14.525000	0.977860 
14.575000	1.820303 
14.625000	2.540266 
14.675000	2.963149 
14.725000	2.921273 
14.775000	2.331555 
14.825000	1.302041 
14.875000	0.169089 
14.925000	-0.611601 
14.975000	-0.697428 
15.025000	-0.083252 
15.075000	0.844212 
15.125000	1.496370 
15.175000	1.431778 
15.225000	0.653751 
15.275000	-0.348856 
15.325000	-0.874595 
15.375000	-0.448318 
15.425000	0.846939 
15.475000	2.370901 
15.525000	3.283878 
15.575000	3.053723 
15.625000	1.795183 
15.675000	0.218087 
15.725000	-0.795685 
15.775000	-0.727001 
15.825000	0.271453 
15.875000	1.490046 
15.925000	2.128736 
15.975000	1.815846 
16.025000	0.844834 
16.075000	-0.023042 
16.125000	-0.060991 
16.175000	0.942267 
16.225000	2.532911 
16.275000	3.866914 
16.325000	4.227470 
16.375000	3.450693 
16.425000	1.993291 
16.475000	0.615258 
16.525000	-0.099823 
16.575000	-0.069121 
16.625000	0.320196 
16.675000	0.550355 
16.725000	0.368838 
16.775000	-0.038866 
16.825000	-0.214131 
16.875000	0.198473 
16.925000	1.138960 
16.975000	2.115085 
17.025000	2.505593 
17.075000	1.982205 
17.125000	0.759643 
17.175000	-0.506816 
17.225000	-1.120560 
17.275000	-0.781450 
17.325000	0.227035 
17.375000	1.227726 
17.425000	1.594438 
17.475000	1.160189 
17.525000	0.321152 
17.575000	-0.231552 
17.625000	0.023873 
17.675000	1.083041 
17.725000	2.398015 
17.775000	3.210272 
17.825000	3.019865 
17.875000	1.893219 
17.925000	0.420441 
17.975000	-0.641697 
18.025000	-0.810581 
18.075000	-0.130508 
18.125000	0.903595 
18.175000	1.681150 
18.225000	1.845523 
18.275000	1.471040 
18.325000	0.958969 
18.375000	0.745905 
18.425000	1.024541 
18.475000	1.647341 
18.525000	2.250023 
18.575000	2.490128 
18.625000	2.238167 
18.675000	1.612665 
18.725000	0.867060 
18.775000	0.230483 
18.825000	-0.184817 
18.875000	-0.366125 
18.925000	-0.320045 
18.975000	-0.019085 
19.025000	0.568911 
19.075000	1.391752 
19.125000	2.248661 
19.175000	2.828422 
19.225000	2.855108 
19.275000	2.260195 
19.325000	1.264235 
19.375000	0.296812 
19.425000	-0.216001 
19.475000	-0.078097 
19.525000	0.571936 
19.575000	1.343856 
19.625000	1.819121 
19.675000	1.781570 
19.725000	1.319238 
19.775000	0.741767 
19.825000	0.371166 
19.875000	0.338919 
19.925000	0.514375 
19.975000	0.605387 
