bin                 q                   two_theta           Fx                  Icoh               
0                   0.025000            0.351215            7.128692            6366.731120        
1                   0.075000            1.053659            5.234966            4880.575394        
2                   0.125000            1.756142            2.254175            2544.255963        
3                   0.175000            2.458691            -0.601285           311.178465         
4                   0.225000            3.161333            -2.300720           -1012.750941       
5                   0.275000            3.864094            -2.460050           -1133.465824       
6                   0.325000            4.567000            -1.451163           -349.018868        
7                   0.375000            5.270078            -0.123056           675.647840         
8                   0.425000            5.973354            0.688650            1295.043999        
9                   0.475000            6.676856            0.585964            1210.051518        
10                  0.525000            7.380610            -0.253367           566.447284         
11                  0.575000            8.084643            -1.267830           -201.946304        
12                  0.625000            8.788982            -1.890673           -667.131807        
13                  0.675000            9.493653            -1.879813           -654.334197        
14                  0.725000            10.198685           -1.414226           -305.752510        
15                  0.775000            10.904103           -0.925250           54.737231          
16                  0.825000            11.609937           -0.790981           151.783250         
17                  0.875000            12.316213           -1.093430           -67.255240         
18                  0.925000            13.022958           -1.584661           -417.050105        
19                  0.975000            13.730202           -1.869503           -614.405544        
20                  1.025000            14.437972           -1.677388           -474.007242        
21                  1.075000            15.146295           -1.046269           -32.053196         
22                  1.125000            15.855202           -0.303740           477.390705         
23                  1.175000            16.564719           0.138575            772.456757         
24                  1.225000            17.274877           0.044624            701.104922         
25                  1.275000            17.985704           -0.496364           334.318041         
26                  1.325000            18.697229           -1.122895           -80.670036         
27                  1.375000            19.409483           -1.422917           -274.470681        
28                  1.425000            20.122494           -1.186571           -119.696022        
29                  1.475000            20.836293           -0.534977           294.878685         
30                  1.525000            21.550911           0.152309            722.133849         
31                  1.575000            22.266378           0.464970            907.213500         
32                  1.625000            22.982726           0.205184            737.435143         
33                  1.675000            23.699984           -0.500111           302.201236         
34                  1.725000            24.418186           -1.282477           -168.704265        
35                  1.775000            25.137364           -1.755705           -445.846419        
36                  1.825000            25.857549           -1.741226           -431.966008        
37                  1.875000            26.578774           -1.358962           -206.629087        
38                  1.925000            27.301074           -0.933124           38.021934          
39                  1.975000            28.024481           -0.777597           124.886245         
40                  2.025000            28.749029           -0.998523           0.818987           
41                  2.075000            29.474753           -1.437781           -239.771656        
42                  2.125000            30.201689           -1.789523           -427.040819        
43                  2.175000            30.929871           -1.810767           -433.063107        
44                  2.225000            31.659335           -1.486600           -256.664338        
45                  2.275000            32.390118           -1.040104           -20.888725         
46                  2.325000            33.122258           -0.778852           113.740463         
47                  2.375000            33.855791           -0.879337           61.278110          
48                  2.425000            34.590756           -1.256333           -128.535490        
49                  2.475000            35.327192           -1.612985           -303.487554        
50                  2.525000            36.065138           -1.648335           -316.918581        
51                  2.575000            36.804634           -1.287165           -138.586356        
52                  2.625000            37.545722           -0.768224           110.428605         
53                  2.675000            38.288442           -0.507657           231.572652         
54                  2.725000            39.032837           -0.801234           92.288904          
55                  2.775000            39.778950           -1.550586           -252.347353        
56                  2.825000            40.526825           -2.211190           -547.938281        
57                  2.875000            41.276507           -2.042041           -465.294890        
58                  2.925000            42.028040           -0.549933           198.345449         
59                  2.975000            42.781471           2.122653            1358.144693        
60                  3.025000            43.536848           5.120562            2627.040524        
61                  3.075000            44.294218           7.208840            3476.845294        
62                  3.125000            45.053632           7.378651            3501.710498        
63                  3.175000            45.815138           5.410025            2643.275118        
64                  3.225000            46.578790           2.066681            1247.674536        
65                  3.275000            47.344638           -1.219195           -87.980464         
66                  3.325000            48.112736           -3.034397           -805.542874        
67                  3.375000            48.883140           -2.688152           -659.377949        
68                  3.425000            49.655905           -0.550345           173.239028         
69                  3.475000            50.431089           2.164343            1202.446599        
70                  3.525000            51.208750           4.049538            1892.447391        
71                  3.575000            51.988949           4.236464            1935.415291        
72                  3.625000            52.771746           2.798984            1384.655345        
73                  3.675000            53.557205           0.624525            583.866651         
74                  3.725000            54.345391           -1.149630           -53.026579         
75                  3.775000            55.136370           -1.789776           -275.958374        
76                  3.825000            55.930209           -1.327233           -112.729493        
77                  3.875000            56.726979           -0.436666           191.321772         
78                  3.925000            57.526752           0.061166            355.286184         
79                  3.975000            58.329600           -0.258105           244.856976         
80                  4.025000            59.135600           -1.176760           -57.505413         
81                  4.075000            59.944829           -2.026094           -329.039705        
82                  4.125000            60.757368           -2.170017           -369.803431        
83                  4.175000            61.573298           -1.451964           -140.793578        
84                  4.225000            62.392704           -0.307592           212.580981         
85                  4.275000            63.215674           0.528743            462.556690         
86                  4.325000            64.042297           0.524176            454.485049         
87                  4.375000            64.872667           -0.284817           210.156131         
88                  4.425000            65.706878           -1.310425           -89.889713         
89                  4.475000            66.545029           -1.814182           -232.322343        
90                  4.525000            67.387223           -1.426868           -120.024349        
91                  4.575000            68.233565           -0.433562           156.936692         
92                  4.625000            69.084162           0.385774            378.314653         
93                  4.675000            69.939129           0.278406            343.883100         
94                  4.725000            70.798580           -0.928451           18.963509          
95                  4.775000            71.662637           -2.618155           -422.577409        
96                  4.825000            72.531425           -3.688690           -691.817693        
97                  4.875000            73.405072           -3.213885           -561.264437        
98                  4.925000            74.283712           -1.062500           -15.611628         
99                  4.975000            75.167486           1.922811            719.332730         
100                 5.025000            76.056537           4.329593            1292.349714        
101                 5.075000            76.951016           4.949122            1421.333463        
102                 5.125000            77.851079           3.468612            1051.898929        
103                 5.175000            78.756888           0.665413            386.263390         
104                 5.225000            79.668613           -2.023054           -233.788725        
105                 5.275000            80.586429           -3.307388           -519.532262        
106                 5.325000            81.510521           -2.758865           -390.207595        
107                 5.375000            82.441081           -1.010445           -2.283208          
108                 5.425000            83.378309           0.663297            358.255496         
109                 5.475000            84.322414           1.127693            451.566760         
110                 5.525000            85.273616           0.063085            222.320039         
111                 5.575000            86.232145           -1.859623           -177.143336        
112                 5.625000            87.198240           -3.390161           -485.354435        
113                 5.675000            88.172155           -3.436781           -487.610719        
114                 5.725000            89.154154           -1.690784           -136.218122        
115                 5.775000            90.144516           1.215186            430.476607         
116                 5.825000            91.143535           4.078589            972.615737         
117                 5.875000            92.151519           5.782938            1280.228490        
118                 5.925000            93.168795           5.849073            1274.048992        
119                 5.975000            94.195706           4.586769            1024.268110        
120                 6.025000            95.232617           2.809371            688.365722         
121                 6.075000            96.279913           1.328084            414.660656         
122                 6.125000            97.338003           0.541762            270.679539         
123                 6.175000            98.407321           0.338883            231.707926         
124                 6.225000            99.488328           0.312506            223.911710         
125                 6.275000            100.581515          0.101326            185.219047         
126                 6.325000            101.687407          -0.377143           103.269268         
127                 6.375000            102.806564          -0.929504           11.523366          
128                 6.425000            103.939587          -1.281324           -45.338792         
129                 6.475000            105.087117          -1.299561           -47.601251         
130                 6.525000            106.249848          -1.082933           -12.994290         
131                 6.575000            107.428524          -0.872331           19.725088          
132                 6.625000            108.623951          -0.865112           20.551338          
133                 6.675000            109.836998          -1.076647           -11.516393         
134                 6.725000            111.068612          -1.345400           -51.181958         
135                 6.775000            112.319822          -1.466230           -68.138566         
136                 6.825000            113.591749          -1.344507           -49.660559         
137                 6.875000            114.885624          -1.055361           -7.871582          
138                 6.925000            116.202798          -0.769254           32.363925          
139                 6.975000            117.544760          -0.607222           54.345917          
140                 7.025000            118.913161          -0.541245           62.620918          
141                 7.075000            120.309835          -0.420146           78.090924          
142                 7.125000            121.736832          -0.105965           118.796978         
143                 7.175000            123.196454          0.380263            180.970537         
144                 7.225000            124.691300          0.818003            235.213622         
145                 7.275000            126.224327          0.896766            242.175771         
146                 7.325000            127.798915          0.415001            178.299406         
147                 7.375000            129.418964          -0.560015           54.718585          
148                 7.425000            131.089011          -1.681639           -83.672825         
149                 7.475000            132.814382          -2.480247           -179.359741        
150                 7.525000            134.601405          -2.597950           -191.136646        
151                 7.575000            136.457691          -1.963734           -113.803896        
152                 7.625000            138.392530          -0.810030           22.148011          
153                 7.675000            140.417463          0.468491            169.043765         
154                 7.725000            142.547122          1.518929            286.321038         
155                 7.775000            144.800537          2.173483            356.216169         
156                 7.825000            147.203232          2.459915            383.542953         
157                 7.875000            149.790834          2.499192            383.105909         
158                 7.925000            152.615740          2.379777            365.488278         
159                 7.975000            155.760812          2.100402            331.184195         
160                 8.025000            159.372018          1.612166            275.645575         
161                 8.075000            163.757393          0.913408            199.475258         
162                 8.125000            169.877623          0.112570            114.596862         
163                 8.175000            -1.000000           -0.598908           40.821245          
164                 8.225000            -1.000000           -1.051119           -5.141126          
165                 8.275000            -1.000000           -1.202849           -20.160899         
166                 8.325000            -1.000000           -1.168396           -16.541175         
167                 8.375000            -1.000000           -1.134473           -13.055795         
168                 8.425000            -1.000000           -1.216421           -20.769912         
169                 8.475000            -1.000000           -1.352220           -33.415638         
170                 8.525000            -1.000000           -1.316299           -29.666704         
171                 8.575000            -1.000000           -0.860415           12.944433          
172                 8.625000            -1.000000           0.097098            100.599146         
173                 8.675000            -1.000000           1.353449            213.400409         
174                 8.725000            -1.000000           2.461862            310.439620         
175                 8.775000            -1.000000           2.927767            348.357914         
176                 8.825000            -1.000000           2.464411            303.918997         
177                 8.875000            -1.000000           1.169697            188.283320         
178                 8.925000            -1.000000           -0.478382           44.780130          
179                 8.975000            -1.000000           -1.816637           -69.361460         
180                 9.025000            -1.000000           -2.290954           -108.490751        
181                 9.075000            -1.000000           -1.706995           -58.793197         
182                 9.125000            -1.000000           -0.316504           56.248651          
183                 9.175000            -1.000000           1.299219            187.265734         
184                 9.225000            -1.000000           2.488893            281.257264         
185                 9.275000            -1.000000           2.809273            303.971443         
186                 9.325000            -1.000000           2.195050            252.394235         
187                 9.375000            -1.000000           0.951553            152.626413         
188                 9.425000            -1.000000           -0.413059           45.449370          
189                 9.475000            -1.000000           -1.427284           -32.762010         
190                 9.525000            -1.000000           -1.852423           -64.724094         
191                 9.575000            -1.000000           -1.749170           -56.335839         
192                 9.625000            -1.000000           -1.395677           -29.469627         
193                 9.675000            -1.000000           -1.110458           -8.148862          
194                 9.725000            -1.000000           -1.076506           -5.591086          
195                 9.775000            -1.000000           -1.256736           -18.587800         
196                 9.825000            -1.000000           -1.439549           -31.529883         
197                 9.875000            -1.000000           -1.383256           -27.240415         
198                 9.925000            -1.000000           -0.975722           1.709948           
199                 9.975000            -1.000000           -0.318499           47.568444          
200                 10.025000           -1.000000           0.312885            90.823113          
201                 10.075000           -1.000000           0.611745            110.514257         
202                 10.125000           -1.000000           0.407852            95.689930          
203                 10.175000           -1.000000           -0.232202           51.734270          
204                 10.225000           -1.000000           -1.026106           -1.743944          
205                 10.275000           -1.000000           -1.605237           -40.087199         
206                 10.325000           -1.000000           -1.681428           -44.753421         
207                 10.375000           -1.000000           -1.164852           -10.736410         
208                 10.425000           -1.000000           -0.180673           52.919635          
209                 10.475000           -1.000000           1.007889            128.625474         
210                 10.525000           -1.000000           2.114267            197.880842         
211                 10.575000           -1.000000           2.916675            246.864889         
212                 10.625000           -1.000000           3.287298            268.072340         
213                 10.675000           -1.000000           3.176384            259.076394         
214                 10.725000           -1.000000           2.592074            221.087456         
215                 10.775000           -1.000000           1.606563            159.187966         
216                 10.825000           -1.000000           0.382420            83.779354          
217                 10.875000           -1.000000           -0.819627           10.848138          
218                 10.925000           -1.000000           -1.690224           -41.199365         
219                 10.975000           -1.000000           -1.980213           -58.072228         
220                 11.025000           -1.000000           -1.621480           -36.547144         
221                 11.075000           -1.000000           -0.787491           12.405406          
222                 11.125000           -1.000000           0.157001            67.051059          
223                 11.175000           -1.000000           0.807539            103.998305         
224                 11.225000           -1.000000           0.901541            108.627602         
225                 11.275000           -1.000000           0.435575            81.430042          
226                 11.325000           -1.000000           -0.343386           36.984636          
227                 11.375000           -1.000000           -1.064902           -3.630335          
228                 11.425000           -1.000000           -1.408817           -22.710597         
229                 11.475000           -1.000000           -1.235206           -12.977262         
230                 11.525000           -1.000000           -0.613980           21.154606          
231                 11.575000           -1.000000           0.240313            67.517191          
232                 11.625000           -1.000000           1.074293            112.167334         
233                 11.675000           -1.000000           1.681044            144.025441         
234                 11.725000           -1.000000           1.935976            156.693738         
235                 11.775000           -1.000000           1.795990            148.259775         
236                 11.825000           -1.000000           1.293377            120.830344         
237                 11.875000           -1.000000           0.540355            80.641412          
238                 11.925000           -1.000000           -0.271300           37.909348          
239                 11.975000           -1.000000           -0.906724           4.822246           
240                 12.025000           -1.000000           -1.172480           -8.861864          
241                 12.075000           -1.000000           -1.017858           -0.911901          
242                 12.125000           -1.000000           -0.589229           20.847956          
243                 12.175000           -1.000000           -0.184055           41.161944          
244                 12.225000           -1.000000           -0.107046           44.777116          
245                 12.275000           -1.000000           -0.498940           24.976382          
246                 12.325000           -1.000000           -1.239843           -11.885009         
247                 12.375000           -1.000000           -1.995254           -49.029681         
248                 12.425000           -1.000000           -2.388764           -68.018287         
249                 12.475000           -1.000000           -2.203766           -58.617901         
250                 12.525000           -1.000000           -1.493438           -23.890739         
251                 12.575000           -1.000000           -0.533537           22.456484          
252                 12.625000           -1.000000           0.347292            64.495875          
253                 12.675000           -1.000000           0.946506            92.659165          
254                 12.725000           -1.000000           1.260305            106.998888         
255                 12.775000           -1.000000           1.411522            113.527070         
256                 12.825000           -1.000000           1.498344            116.969511         
257                 12.875000           -1.000000           1.486644            115.787568         
258                 12.925000           -1.000000           1.235798            103.543839         
259                 12.975000           -1.000000           0.645345            75.789136          
260                 13.025000           -1.000000           -0.189952           37.113624          
261                 13.075000           -1.000000           -0.950797           2.242363           
262                 13.125000           -1.000000           -1.244330           -11.076135         
263                 13.175000           -1.000000           -0.858203           6.394294           
264                 13.225000           -1.000000           0.051387            47.164546          
265                 13.275000           -1.000000           0.987113            88.677960          
266                 13.325000           -1.000000           1.372946            105.349776         
267                 13.375000           -1.000000           0.910683            84.391619          
268                 13.425000           -1.000000           -0.192928           35.464928          
269                 13.475000           -1.000000           -1.292439           -12.785266         
270                 13.525000           -1.000000           -1.652929           -28.401397         
271                 13.575000           -1.000000           -0.889360           4.788467           
272                 13.625000           -1.000000           0.768572            76.159706          
273                 13.675000           -1.000000           2.558609            152.479864         
274                 13.725000           -1.000000           3.583035            195.400123         
275                 13.775000           -1.000000           3.296732            182.288216         
276                 13.825000           -1.000000           1.803789            118.365039         
277                 13.875000           -1.000000           -0.206944           33.315656          
278                 13.925000           -1.000000           -1.842864           -35.235190         
279                 13.975000           -1.000000           -2.477914           -61.482487         
280                 14.025000           -1.000000           -2.044311           -43.233768         
281                 14.075000           -1.000000           -0.998127           0.077178           
282                 14.125000           -1.000000           -0.010543           40.568944          
283                 14.175000           -1.000000           0.411545            57.597517          
284                 14.225000           -1.000000           0.156132            46.950025          
285                 14.275000           -1.000000           -0.514886           19.606394          
286                 14.325000           -1.000000           -1.178828           -7.193173          
287                 14.375000           -1.000000           -1.497128           -19.901744         
288                 14.425000           -1.000000           -1.347673           -13.852761         
289                 14.475000           -1.000000           -0.804522           7.751982           
290                 14.525000           -1.000000           -0.033076           38.164514          
291                 14.575000           -1.000000           0.795721            70.544713          
292                 14.625000           -1.000000           1.519799            98.526739          
293                 14.675000           -1.000000           1.961463            115.255533         
294                 14.725000           -1.000000           1.939421            113.864519         
295                 14.775000           -1.000000           1.356317            90.852221          
296                 14.825000           -1.000000           0.315540            50.487577          
297                 14.875000           -1.000000           -0.838315           6.176373           
298                 14.925000           -1.000000           -1.634432           -24.123116         
299                 14.975000           -1.000000           -1.719141           -27.217665         
300                 15.025000           -1.000000           -1.088214           -3.323287          
301                 15.075000           -1.000000           -0.140524           32.229662          
302                 15.125000           -1.000000           0.520759            56.764748          
303                 15.175000           -1.000000           0.447697            53.789142          
304                 15.225000           -1.000000           -0.350183           24.033030          
305                 15.275000           -1.000000           -1.369666           -13.609104         
306                 15.325000           -1.000000           -1.897180           -32.877870         
307                 15.375000           -1.000000           -1.456404           -16.648637         
308                 15.425000           -1.000000           -0.140917           31.194045          
309                 15.475000           -1.000000           1.394401            86.544914          
310                 15.525000           -1.000000           2.301739            118.794507         
311                 15.575000           -1.000000           2.053112            109.346819         
312                 15.625000           -1.000000           0.776641            63.339356          
313                 15.675000           -1.000000           -0.804938           6.922417           
314                 15.725000           -1.000000           -1.806596           -28.493951         
315                 15.775000           -1.000000           -1.718017           -25.248916         
316                 15.825000           -1.000000           -0.706246           10.282608          
317                 15.875000           -1.000000           0.509543            52.598937          
318                 15.925000           -1.000000           1.131425            73.928713          
319                 15.975000           -1.000000           0.799902            62.144568          
320                 16.025000           -1.000000           -0.178150           28.246027          
321                 16.075000           -1.000000           -1.036484           -1.248167          
322                 16.125000           -1.000000           -1.055278           -1.882524          
323                 16.175000           -1.000000           -0.037106           32.641631          
324                 16.225000           -1.000000           1.553498            86.166105          
325                 16.275000           -1.000000           2.872616            130.080484         
326                 16.325000           -1.000000           3.214237            140.906878         
327                 16.375000           -1.000000           2.428121            114.096864         
328                 16.425000           -1.000000           0.977644            65.519201          
329                 16.475000           -1.000000           -0.382274           20.371254          
330                 16.525000           -1.000000           -1.081139           -2.663487          
331                 16.575000           -1.000000           -1.047763           -1.560671          
332                 16.625000           -1.000000           -0.671144           10.696028          
333                 16.675000           -1.000000           -0.459818           17.488491          
334                 16.725000           -1.000000           -0.652707           11.191819          
335                 16.775000           -1.000000           -1.056186           -1.802285          
336                 16.825000           -1.000000           -1.214769           -6.857336          
337                 16.875000           -1.000000           -0.785112           6.829430           
338                 16.925000           -1.000000           0.160514            36.711876          
339                 16.975000           -1.000000           1.126229            66.949671          
340                 17.025000           -1.000000           1.498360            78.302091          
341                 17.075000           -1.000000           0.961903            61.203081          
342                 17.125000           -1.000000           -0.259040           23.007290          
343                 17.175000           -1.000000           -1.510434           -15.775503         
344                 17.225000           -1.000000           -2.106581           -34.040552         
345                 17.275000           -1.000000           -1.760017           -23.270406         
346                 17.325000           -1.000000           -0.759526           7.328465           
347                 17.375000           -1.000000           0.223564            37.113616          
348                 17.425000           -1.000000           0.575787            47.573274          
349                 17.475000           -1.000000           0.140570            34.272331          
350                 17.525000           -1.000000           -0.685297           9.411860           
351                 17.575000           -1.000000           -1.220257           -6.556246          
352                 17.625000           -1.000000           -0.955317           1.323775           
353                 17.675000           -1.000000           0.098330            32.385369          
354                 17.725000           -1.000000           1.396797            70.337680          
355                 17.775000           -1.000000           2.193498            93.274132          
356                 17.825000           -1.000000           1.999676            87.197400          
357                 17.875000           -1.000000           0.884148            54.509928          
358                 17.925000           -1.000000           -0.571054           12.350705          
359                 17.975000           -1.000000           -1.621836           -17.819238         
360                 18.025000           -1.000000           -1.793713           -22.635939         
361                 18.075000           -1.000000           -1.128743           -3.654064          
362                 18.125000           -1.000000           -0.110914           25.113746          
363                 18.175000           -1.000000           0.660912            46.690223          
364                 18.225000           -1.000000           0.834161            51.312660          
365                 18.275000           -1.000000           0.476682            41.112935          
366                 18.325000           -1.000000           -0.022546           27.082513          
367                 18.375000           -1.000000           -0.236153           21.061833          
368                 18.425000           -1.000000           0.029015            28.236152          
369                 18.475000           -1.000000           0.635186            44.652060          
370                 18.525000           -1.000000           1.230064            60.600795          
371                 18.575000           -1.000000           1.476755            66.977251          
372                 18.625000           -1.000000           1.240951            60.305415          
373                 18.675000           -1.000000           0.629498            43.636871          
374                 18.725000           -1.000000           -0.114264           23.603510          
375                 18.775000           -1.000000           -0.762451           6.299315           
376                 18.825000           -1.000000           -1.194375           -5.129172          
377                 18.875000           -1.000000           -1.385315           -10.117732         
378                 18.925000           -1.000000           -1.334973           -8.752550          
379                 18.975000           -1.000000           -1.019000           -0.494016          
380                 19.025000           -1.000000           -0.416117           15.106191          
381                 19.075000           -1.000000           0.410758            36.318510          
382                 19.125000           -1.000000           1.257984            57.841450          
383                 19.175000           -1.000000           1.821378            71.914864          
384                 19.225000           -1.000000           1.836826            71.949106          
385                 19.275000           -1.000000           1.243871            56.626799          
386                 19.325000           -1.000000           0.261594            31.679007          
387                 19.375000           -1.000000           -0.690323           7.737231           
388                 19.425000           -1.000000           -1.196969           -4.896607          
389                 19.475000           -1.000000           -1.066624           -1.647959          
390                 19.525000           -1.000000           -0.432363           13.970002          
391                 19.575000           -1.000000           0.326968            32.493404          
392                 19.625000           -1.000000           0.801869            43.899866          
393                 19.675000           -1.000000           0.776375            43.060194          
394                 19.725000           -1.000000           0.329774            32.071313          
395                 19.775000           -1.000000           -0.239637           18.245431          
396                 19.825000           -1.000000           -0.615608           9.176934           
397                 19.875000           -1.000000           -0.662718           8.011306           
398                 19.925000           -1.000000           -0.500863           11.795390          
399                 19.975000           -1.000000           -0.412396           13.815150          
