bin                 q                   S                  
0                   0.025000            6366.731120        
1                   0.075000            4880.575394        
2                   0.125000            2544.255963        
3                   0.175000            311.178465         
4                   0.225000            -1012.750941       
5                   0.275000            -1133.465824       
6                   0.325000            -349.018868        
7                   0.375000            675.647840         
8                   0.425000            1295.043999        
9                   0.475000            1210.051518        
10                  0.525000            566.447284         
11                  0.575000            -201.946304        
12                  0.625000            -667.131807        
13                  0.675000            -654.334197        
14                  0.725000            -305.752510        
15                  0.775000            54.737231          
16                  0.825000            151.783250         
17                  0.875000            -67.255240         
18                  0.925000            -417.050105        
19                  0.975000            -614.405544        
20                  1.025000            -474.007242        
21                  1.075000            -32.053196         
22                  1.125000            477.390705         
23                  1.175000            772.456757         
24                  1.225000            701.104922         
25                  1.275000            334.318041         
26                  1.325000            -80.670036         
27                  1.375000            -274.470681        
28                  1.425000            -119.696022        
29                  1.475000            294.878685         
30                  1.525000            722.133849         
31                  1.575000            907.213500         
32                  1.625000            737.435143         
33                  1.675000            302.201236         
34                  1.725000            -168.704265        
35                  1.775000            -445.846419        
36                  1.825000            -431.966008        
37                  1.875000            -206.629087        
38                  1.925000            38.021934          
39                  1.975000            124.886245         
40                  2.025000            0.818987           
41                  2.075000            -239.771656        
42                  2.125000            -427.040819        
43                  2.175000            -433.063107        
44                  2.225000            -256.664338        
45                  2.275000            -20.888725         
46                  2.325000            113.740463         
47                  2.375000            61.278110          
48                  2.425000            -128.535490        
49                  2.475000            -303.487554        
50                  2.525000            -316.918581        
51                  2.575000            -138.586356        
52                  2.625000            110.428605         
53                  2.675000            231.572652         
54                  2.725000            92.288904          
55                  2.775000            -252.347353        
56                  2.825000            -547.938281        
57                  2.875000            -465.294890        
58                  2.925000            198.345449         
59                  2.975000            1358.144693        
60                  3.025000            2627.040524        
61                  3.075000            3476.845294        
62                  3.125000            3501.710498        
63                  3.175000            2643.275118        
64                  3.225000            1247.674536        
65                  3.275000            -87.980464         
66                  3.325000            -805.542874        
67                  3.375000            -659.377949        
68                  3.425000            173.239028         
69                  3.475000            1202.446599        
70                  3.525000            1892.447391        
71                  3.575000            1935.415291        
72                  3.625000            1384.655345        
73                  3.675000            583.866651         
74                  3.725000            -53.026579         
75                  3.775000            -275.958374        
76                  3.825000            -112.729493        
77                  3.875000            191.321772         
78                  3.925000            355.286184         
79                  3.975000            244.856976         
80                  4.025000            -57.505413         
81                  4.075000            -329.039705        
82                  4.125000            -369.803431        
83                  4.175000            -140.793578        
84                  4.225000            212.580981         
85                  4.275000            462.556690         
86                  4.325000            454.485049         
87                  4.375000            210.156131         
88                  4.425000            -89.889713         
89                  4.475000            -232.322343        
90                  4.525000            -120.024349        
91                  4.575000            156.936692         
92                  4.625000            378.314653         
93                  4.675000            343.883100         
94                  4.725000            18.963509          
95                  4.775000            -422.577409        
96                  4.825000            -691.817693        
97                  4.875000            -561.264437        
98                  4.925000            -15.611628         
99                  4.975000            719.332730         
100                 5.025000            1292.349714        
101                 5.075000            1421.333463        
102                 5.125000            1051.898929        
103                 5.175000            386.263390         
104                 5.225000            -233.788725        
105                 5.275000            -519.532262        
106                 5.325000            -390.207595        
107                 5.375000            -2.283208          
108                 5.425000            358.255496         
109                 5.475000            451.566760         
110                 5.525000            222.320039         
111                 5.575000            -177.143336        
112                 5.625000            -485.354435        
113                 5.675000            -487.610719        
114                 5.725000            -136.218122        
115                 5.775000            430.476607         
116                 5.825000            972.615737         
117                 5.875000            1280.228490        
118                 5.925000            1274.048992        
119                 5.975000            1024.268110        
120                 6.025000            688.365722         
121                 6.075000            414.660656         
122                 6.125000            270.679539         
123                 6.175000            231.707926         
124                 6.225000            223.911710         
125                 6.275000            185.219047         
126                 6.325000            103.269268         
127                 6.375000            11.523366          
128                 6.425000            -45.338792         
129                 6.475000            -47.601251         
130                 6.525000            -12.994290         
131                 6.575000            19.725088          
132                 6.625000            20.551338          
133                 6.675000            -11.516393         
134                 6.725000            -51.181958         
135                 6.775000            -68.138566         
136                 6.825000            -49.660559         
137                 6.875000            -7.871582          
138                 6.925000            32.363925          
139                 6.975000            54.345917          
140                 7.025000            62.620918          
141                 7.075000            78.090924          
142                 7.125000            118.796978         
143                 7.175000            180.970537         
144                 7.225000            235.213622         
145                 7.275000            242.175771         
146                 7.325000            178.299406         
147                 7.375000            54.718585          
148                 7.425000            -83.672825         
149                 7.475000            -179.359741        
150                 7.525000            -191.136646        
151                 7.575000            -113.803896        
152                 7.625000            22.148011          
153                 7.675000            169.043765         
154                 7.725000            286.321038         
155                 7.775000            356.216169         
156                 7.825000            383.542953         
157                 7.875000            383.105909         
158                 7.925000            365.488278         
159                 7.975000            331.184195         
160                 8.025000            275.645575         
161                 8.075000            199.475258         
162                 8.125000            114.596862         
163                 8.175000            40.821245          
164                 8.225000            -5.141126          
165                 8.275000            -20.160899         
166                 8.325000            -16.541175         
167                 8.375000            -13.055795         
168                 8.425000            -20.769912         
169                 8.475000            -33.415638         
170                 8.525000            -29.666704         
171                 8.575000            12.944433          
172                 8.625000            100.599146         
173                 8.675000            213.400409         
174                 8.725000            310.439620         
175                 8.775000            348.357914         
176                 8.825000            303.918997         
177                 8.875000            188.283320         
178                 8.925000            44.780130          
179                 8.975000            -69.361460         
180                 9.025000            -108.490751        
181                 9.075000            -58.793197         
182                 9.125000            56.248651          
183                 9.175000            187.265734         
184                 9.225000            281.257264         
185                 9.275000            303.971443         
186                 9.325000            252.394235         
187                 9.375000            152.626413         
188                 9.425000            45.449370          
189                 9.475000            -32.762010         
190                 9.525000            -64.724094         
191                 9.575000            -56.335839         
192                 9.625000            -29.469627         
193                 9.675000            -8.148862          
194                 9.725000            -5.591086          
195                 9.775000            -18.587800         
196                 9.825000            -31.529883         
197                 9.875000            -27.240415         
198                 9.925000            1.709948           
199                 9.975000            47.568444          
200                 10.025000           90.823113          
201                 10.075000           110.514257         
202                 10.125000           95.689930          
203                 10.175000           51.734270          
204                 10.225000           -1.743944          
205                 10.275000           -40.087199         
206                 10.325000           -44.753421         
207                 10.375000           -10.736410         
208                 10.425000           52.919635          
209                 10.475000           128.625474         
210                 10.525000           197.880842         
211                 10.575000           246.864889         
212                 10.625000           268.072340         
213                 10.675000           259.076394         
214                 10.725000           221.087456         
215                 10.775000           159.187966         
216                 10.825000           83.779354          
217                 10.875000           10.848138          
218                 10.925000           -41.199365         
219                 10.975000           -58.072228         
220                 11.025000           -36.547144         
221                 11.075000           12.405406          
222                 11.125000           67.051059          
223                 11.175000           103.998305         
224                 11.225000           108.627602         
225                 11.275000           81.430042          
226                 11.325000           36.984636          
227                 11.375000           -3.630335          
228                 11.425000           -22.710597         
229                 11.475000           -12.977262         
230                 11.525000           21.154606          
231                 11.575000           67.517191          
232                 11.625000           112.167334         
233                 11.675000           144.025441         
234                 11.725000           156.693738         
235                 11.775000           148.259775         
236                 11.825000           120.830344         
237                 11.875000           80.641412          
238                 11.925000           37.909348          
239                 11.975000           4.822246           
240                 12.025000           -8.861864          
241                 12.075000           -0.911901          
242                 12.125000           20.847956          
243                 12.175000           41.161944          
244                 12.225000           44.777116          
245                 12.275000           24.976382          
246                 12.325000           -11.885009         
247                 12.375000           -49.029681         
248                 12.425000           -68.018287         
249                 12.475000           -58.617901         
250                 12.525000           -23.890739         
251                 12.575000           22.456484          
252                 12.625000           64.495875          
253                 12.675000           92.659165          
254                 12.725000           106.998888         
255                 12.775000           113.527070         
256                 12.825000           116.969511         
257                 12.875000           115.787568         
258                 12.925000           103.543839         
259                 12.975000           75.789136          
260                 13.025000           37.113624          
261                 13.075000           2.242363           
262                 13.125000           -11.076135         
263                 13.175000           6.394294           
264                 13.225000           47.164546          
265                 13.275000           88.677960          
266                 13.325000           105.349776         
267                 13.375000           84.391619          
268                 13.425000           35.464928          
269                 13.475000           -12.785266         
270                 13.525000           -28.401397         
271                 13.575000           4.788467           
272                 13.625000           76.159706          
273                 13.675000           152.479864         
274                 13.725000           195.400123         
275                 13.775000           182.288216         
276                 13.825000           118.365039         
277                 13.875000           33.315656          
278                 13.925000           -35.235190         
279                 13.975000           -61.482487         
280                 14.025000           -43.233768         
281                 14.075000           0.077178           
282                 14.125000           40.568944          
283                 14.175000           57.597517          
284                 14.225000           46.950025          
285                 14.275000           19.606394          
286                 14.325000           -7.193173          
287                 14.375000           -19.901744         
288                 14.425000           -13.852761         
289                 14.475000           7.751982           
290                 14.525000           38.164514          
291                 14.575000           70.544713          
292                 14.625000           98.526739          
293                 14.675000           115.255533         
294                 14.725000           113.864519         
295                 14.775000           90.852221          
296                 14.825000           50.487577          
297                 14.875000           6.176373           
298                 14.925000           -24.123116         
299                 14.975000           -27.217665         
300                 15.025000           -3.323287          
301                 15.075000           32.229662          
302                 15.125000           56.764748          
303                 15.175000           53.789142          
304                 15.225000           24.033030          
305                 15.275000           -13.609104         
306                 15.325000           -32.877870         
307                 15.375000           -16.648637         
308                 15.425000           31.194045          
309                 15.475000           86.544914          
310                 15.525000           118.794507         
311                 15.575000           109.346819         
312                 15.625000           63.339356          
313                 15.675000           6.922417           
314                 15.725000           -28.493951         
315                 15.775000           -25.248916         
316                 15.825000           10.282608          
317                 15.875000           52.598937          
318                 15.925000           73.928713          
319                 15.975000           62.144568          
320                 16.025000           28.246027          
321                 16.075000           -1.248167          
322                 16.125000           -1.882524          
323                 16.175000           32.641631          
324                 16.225000           86.166105          
325                 16.275000           130.080484         
326                 16.325000           140.906878         
327                 16.375000           114.096864         
328                 16.425000           65.519201          
329                 16.475000           20.371254          
330                 16.525000           -2.663487          
331                 16.575000           -1.560671          
332                 16.625000           10.696028          
333                 16.675000           17.488491          
334                 16.725000           11.191819          
335                 16.775000           -1.802285          
336                 16.825000           -6.857336          
337                 16.875000           6.829430           
338                 16.925000           36.711876          
339                 16.975000           66.949671          
340                 17.025000           78.302091          
341                 17.075000           61.203081          
342                 17.125000           23.007290          
343                 17.175000           -15.775503         
344                 17.225000           -34.040552         
345                 17.275000           -23.270406         
346                 17.325000           7.328465           
347                 17.375000           37.113616          
348                 17.425000           47.573274          
349                 17.475000           34.272331          
350                 17.525000           9.411860           
351                 17.575000           -6.556246          
352                 17.625000           1.323775           
353                 17.675000           32.385369          
354                 17.725000           70.337680          
355                 17.775000           93.274132          
356                 17.825000           87.197400          
357                 17.875000           54.509928          
358                 17.925000           12.350705          
359                 17.975000           -17.819238         
360                 18.025000           -22.635939         
361                 18.075000           -3.654064          
362                 18.125000           25.113746          
363                 18.175000           46.690223          
364                 18.225000           51.312660          
365                 18.275000           41.112935          
366                 18.325000           27.082513          
367                 18.375000           21.061833          
368                 18.425000           28.236152          
369                 18.475000           44.652060          
370                 18.525000           60.600795          
371                 18.575000           66.977251          
372                 18.625000           60.305415          
373                 18.675000           43.636871          
374                 18.725000           23.603510          
375                 18.775000           6.299315           
376                 18.825000           -5.129172          
377                 18.875000           -10.117732         
378                 18.925000           -8.752550          
379                 18.975000           -0.494016          
380                 19.025000           15.106191          
381                 19.075000           36.318510          
382                 19.125000           57.841450          
383                 19.175000           71.914864          
384                 19.225000           71.949106          
385                 19.275000           56.626799          
386                 19.325000           31.679007          
387                 19.375000           7.737231           
388                 19.425000           -4.896607          
389                 19.475000           -1.647959          
390                 19.525000           13.970002          
391                 19.575000           32.493404          
392                 19.625000           43.899866          
393                 19.675000           43.060194          
394                 19.725000           32.071313          
395                 19.775000           18.245431          
396                 19.825000           9.176934           
397                 19.875000           8.011306           
398                 19.925000           11.795390          
399                 19.975000           13.815150          
