q            ff_group_dir ff_group_fit C            O            H            
0.0500       55.9773      56.0105      5.9976       7.9981       0.9995       
0.1500       55.8540      55.8704      5.9844       7.9877       0.9967       
0.2500       55.6088      55.5989      5.9582       7.9669       0.9912       
0.3500       55.2447      55.2096      5.9194       7.9358       0.9830       
0.4500       54.7661      54.7148      5.8684       7.8948       0.9722       
0.5500       54.1785      54.1233      5.8058       7.8441       0.9590       
0.6500       53.4887      53.4403      5.7324       7.7840       0.9434       
0.7500       52.7045      52.6700      5.6489       7.7149       0.9258       
0.8500       51.8344      51.8172      5.5564       7.6374       0.9062       
0.9500       50.8875      50.8882      5.4557       7.5518       0.8848       
1.0500       49.8734      49.8908      5.3480       7.4588       0.8620       
1.1500       48.8018      48.8336      5.2343       7.3589       0.8378       
1.2500       47.6824      47.7256      5.1157       7.2528       0.8126       
1.3500       46.5250      46.5762      4.9931       7.1409       0.7866       
1.4500       45.3389      45.3943      4.8677       7.0240       0.7599       
1.5500       44.1330      44.1891      4.7403       6.9027       0.7328       
1.6500       42.9156      42.9690      4.6118       6.7776       0.7055       
1.7500       41.6946      41.7422      4.4832       6.6493       0.6780       
1.8500       40.4769      40.5161      4.3550       6.5184       0.6507       
1.9500       39.2690      39.2977      4.2281       6.3854       0.6236       
2.0500       38.0763      38.0932      4.1030       6.2509       0.5969       
2.1500       36.9039      36.9082      3.9802       6.1155       0.5707       
2.2500       35.7559      35.7475      3.8601       5.9795       0.5450       
2.3500       34.6357      34.6152      3.7432       5.8436       0.5200       
2.4500       33.5461      33.5147      3.6296       5.7080       0.4957       
2.5500       32.4895      32.4488      3.5197       5.5732       0.4722       
2.6500       31.4675      31.4196      3.4136       5.4394       0.4494       
2.7500       30.4814      30.4285      3.3113       5.3072       0.4275       
2.8500       29.5321      29.4765      3.2131       5.1766       0.4065       
2.9500       28.6198      28.5642      3.1189       5.0480       0.3862       
3.0500       27.7449      27.6915      3.0288       4.9216       0.3669       
3.1500       26.9072      26.8582      2.9427       4.7975       0.3483       
3.2500       26.1064      26.0638      2.8605       4.6760       0.3307       
3.3500       25.3418      25.3072      2.7823       4.5571       0.3138       
3.4500       24.6129      24.5875      2.7078       4.4410       0.2977       
3.5500       23.9188      23.9035      2.6371       4.3278       0.2824       
3.6500       23.2587      23.2538      2.5700       4.2176       0.2678       
3.7500       22.6314      22.6371      2.5064       4.1103       0.2540       
3.8500       22.0360      22.0519      2.4462       4.0061       0.2409       
3.9500       21.4714      21.4967      2.3893       3.9050       0.2285       
4.0500       20.9364      20.9702      2.3355       3.8069       0.2167       
4.1500       20.4298      20.4709      2.2847       3.7119       0.2055       
4.2500       19.9504      19.9974      2.2368       3.6199       0.1950       
4.3500       19.4971      19.5485      2.1916       3.5310       0.1850       
4.4500       19.0687      19.1228      2.1490       3.4451       0.1755       
4.5500       18.6639      18.7192      2.1089       3.3622       0.1666       
4.6500       18.2815      18.3364      2.0711       3.2821       0.1582       
4.7500       17.9205      17.9735      2.0356       3.2050       0.1502       
4.8500       17.5796      17.6294      2.0021       3.1307       0.1426       
4.9500       17.2578      17.3032      1.9706       3.0592       0.1355       
5.0500       16.9539      16.9938      1.9409       2.9904       0.1288       
5.1500       16.6669      16.7004      1.9130       2.9243       0.1225       
5.2500       16.3957      16.4222      1.8867       2.8607       0.1165       
5.3500       16.1393      16.1584      1.8619       2.7996       0.1108       
5.4500       15.8969      15.9082      1.8384       2.7409       0.1054       
5.5500       15.6675      15.6709      1.8163       2.6847       0.1004       
5.6500       15.4502      15.4459      1.7954       2.6307       0.0956       
5.7500       15.2442      15.2324      1.7756       2.5789       0.0911       
5.8500       15.0488      15.0298      1.7569       2.5293       0.0868       
5.9500       14.8631      14.8375      1.7391       2.4817       0.0827       
6.0500       14.6866      14.6549      1.7222       2.4361       0.0789       
6.1500       14.5185      14.4814      1.7061       2.3925       0.0753       
6.2500       14.3583      14.3165      1.6907       2.3507       0.0718       
6.3500       14.2053      14.1597      1.6760       2.3106       0.0685       
6.4500       14.0591      14.0103      1.6620       2.2723       0.0654       
6.5500       13.9191      13.8680      1.6485       2.2356       0.0625       
6.6500       13.7849      13.7323      1.6356       2.2004       0.0597       
6.7500       13.6561      13.6027      1.6231       2.1667       0.0571       
6.8500       13.5321      13.4787      1.6111       2.1345       0.0546       
6.9500       13.4128      13.3600      1.5994       2.1036       0.0522       
7.0500       13.2976      13.2461      1.5882       2.0741       0.0499       
7.1500       13.1864      13.1367      1.5772       2.0458       0.0478       
7.2500       13.0787      13.0314      1.5666       2.0186       0.0457       
7.3500       12.9744      12.9300      1.5562       1.9926       0.0438       
7.4500       12.8731      12.8319      1.5461       1.9677       0.0419       
7.5500       12.7747      12.7371      1.5362       1.9438       0.0401       
7.6500       12.6789      12.6451      1.5265       1.9209       0.0385       
7.7500       12.5855      12.5557      1.5170       1.8989       0.0369       
7.8500       12.4943      12.4687      1.5077       1.8778       0.0354       
7.9500       12.4051      12.3839      1.4985       1.8576       0.0339       
8.0500       12.3178      12.3010      1.4895       1.8381       0.0326       
8.1500       12.2323      12.2198      1.4805       1.8195       0.0312       
8.2500       12.1484      12.1402      1.4717       1.8015       0.0300       
8.3500       12.0659      12.0619      1.4629       1.7842       0.0288       
8.4500       11.9847      11.9849      1.4543       1.7676       0.0277       
8.5500       11.9049      11.9090      1.4457       1.7516       0.0266       
8.6500       11.8261      11.8341      1.4372       1.7362       0.0256       
8.7500       11.7484      11.7600      1.4287       1.7214       0.0246       
8.8500       11.6716      11.6866      1.4203       1.7071       0.0237       
8.9500       11.5957      11.6139      1.4119       1.6933       0.0228       
9.0500       11.5206      11.5418      1.4036       1.6800       0.0220       
9.1500       11.4462      11.4701      1.3953       1.6671       0.0212       
9.2500       11.3726      11.3989      1.3870       1.6546       0.0204       
9.3500       11.2995      11.3280      1.3787       1.6426       0.0197       
9.4500       11.2269      11.2575      1.3705       1.6310       0.0190       
9.5500       11.1549      11.1872      1.3623       1.6197       0.0183       
9.6500       11.0834      11.1171      1.3541       1.6087       0.0177       
9.7500       11.0123      11.0472      1.3459       1.5981       0.0170       
9.8500       10.9416      10.9775      1.3377       1.5878       0.0165       
9.9500       10.8712      10.9079      1.3295       1.5778       0.0159       
10.0500      10.8011      10.8384      1.3213       1.5680       0.0154       
10.1500      10.7314      10.7690      1.3131       1.5585       0.0148       
10.2500      10.6619      10.6996      1.3049       1.5493       0.0144       
10.3500      10.5927      10.6304      1.2967       1.5403       0.0139       
10.4500      10.5237      10.5611      1.2885       1.5315       0.0134       
10.5500      10.4550      10.4920      1.2803       1.5229       0.0130       
10.6500      10.3864      10.4229      1.2722       1.5145       0.0126       
10.7500      10.3180      10.3538      1.2640       1.5062       0.0122       
10.8500      10.2498      10.2847      1.2558       1.4982       0.0118       
10.9500      10.1818      10.2157      1.2476       1.4902       0.0114       
11.0500      10.1139      10.1467      1.2394       1.4825       0.0111       
11.1500      10.0462      10.0778      1.2312       1.4748       0.0107       
11.2500      9.9786       10.0089      1.2230       1.4673       0.0104       
11.3500      9.9111       9.9401       1.2148       1.4600       0.0101       
11.4500      9.8438       9.8714       1.2066       1.4527       0.0097       
11.5500      9.7766       9.8026       1.1984       1.4455       0.0094       
11.6500      9.7096       9.7340       1.1902       1.4384       0.0092       
11.7500      9.6426       9.6655       1.1820       1.4314       0.0089       
11.8500      9.5758       9.5970       1.1738       1.4245       0.0086       
11.9500      9.5091       9.5286       1.1656       1.4177       0.0084       
12.0500      9.4426       9.4603       1.1574       1.4109       0.0081       
12.1500      9.3762       9.3921       1.1492       1.4042       0.0079       
12.2500      9.3099       9.3241       1.1410       1.3976       0.0076       
12.3500      9.2437       9.2562       1.1329       1.3910       0.0074       
12.4500      9.1777       9.1884       1.1247       1.3845       0.0072       
12.5500      9.1118       9.1207       1.1165       1.3780       0.0070       
12.6500      9.0460       9.0532       1.1084       1.3715       0.0068       
12.7500      8.9804       8.9858       1.1003       1.3651       0.0066       
12.8500      8.9150       8.9187       1.0921       1.3588       0.0064       
12.9500      8.8497       8.8517       1.0840       1.3524       0.0062       
13.0500      8.7846       8.7849       1.0759       1.3461       0.0060       
13.1500      8.7196       8.7182       1.0678       1.3398       0.0058       
13.2500      8.6548       8.6518       1.0598       1.3336       0.0057       
13.3500      8.5901       8.5856       1.0517       1.3273       0.0055       
13.4500      8.5257       8.5196       1.0437       1.3211       0.0053       
13.5500      8.4614       8.4538       1.0357       1.3149       0.0052       
13.6500      8.3973       8.3883       1.0277       1.3087       0.0050       
13.7500      8.3334       8.3230       1.0197       1.3025       0.0049       
13.8500      8.2697       8.2580       1.0118       1.2964       0.0048       
13.9500      8.2062       8.1932       1.0038       1.2902       0.0046       
14.0500      8.1429       8.1287       0.9959       1.2841       0.0045       
14.1500      8.0799       8.0644       0.9880       1.2780       0.0044       
14.2500      8.0170       8.0005       0.9802       1.2718       0.0043       
14.3500      7.9544       7.9368       0.9723       1.2657       0.0041       
14.4500      7.8920       7.8734       0.9645       1.2596       0.0040       
14.5500      7.8298       7.8103       0.9567       1.2535       0.0039       
14.6500      7.7679       7.7475       0.9490       1.2474       0.0038       
14.7500      7.7062       7.6851       0.9413       1.2414       0.0037       
14.8500      7.6448       7.6229       0.9336       1.2353       0.0036       
14.9500      7.5836       7.5611       0.9259       1.2292       0.0035       
15.0500      7.5227       7.4996       0.9183       1.2231       0.0034       
15.1500      7.4620       7.4385       0.9107       1.2171       0.0033       
15.2500      7.4016       7.3776       0.9031       1.2110       0.0033       
15.3500      7.3415       7.3172       0.8956       1.2049       0.0032       
15.4500      7.2817       7.2571       0.8881       1.1989       0.0031       
15.5500      7.2221       7.1973       0.8806       1.1928       0.0030       
15.6500      7.1628       7.1380       0.8732       1.1868       0.0029       
15.7500      7.1039       7.0789       0.8658       1.1808       0.0029       
15.8500      7.0452       7.0203       0.8584       1.1747       0.0028       
15.9500      6.9868       6.9621       0.8511       1.1687       0.0027       
16.0500      6.9288       6.9042       0.8438       1.1627       0.0027       
16.1500      6.8710       6.8467       0.8366       1.1566       0.0026       
16.2500      6.8136       6.7896       0.8294       1.1506       0.0026       
16.3500      6.7564       6.7329       0.8222       1.1446       0.0025       
16.4500      6.6996       6.6766       0.8151       1.1386       0.0025       
16.5500      6.6431       6.6207       0.8080       1.1326       0.0024       
16.6500      6.5870       6.5652       0.8010       1.1266       0.0024       
16.7500      6.5312       6.5102       0.7940       1.1206       0.0023       
16.8500      6.4757       6.4555       0.7870       1.1146       0.0023       
16.9500      6.4205       6.4013       0.7801       1.1086       0.0022       
17.0500      6.3657       6.3474       0.7732       1.1027       0.0022       
17.1500      6.3113       6.2940       0.7664       1.0967       0.0021       
17.2500      6.2572       6.2411       0.7596       1.0908       0.0021       
17.3500      6.2034       6.1885       0.7529       1.0848       0.0021       
17.4500      6.1500       6.1364       0.7462       1.0789       0.0020       
17.5500      6.0970       6.0847       0.7395       1.0729       0.0020       
17.6500      6.0443       6.0335       0.7329       1.0670       0.0020       
17.7500      5.9920       5.9827       0.7264       1.0611       0.0019       
17.8500      5.9400       5.9323       0.7199       1.0552       0.0019       
17.9500      5.8884       5.8824       0.7134       1.0493       0.0019       
18.0500      5.8372       5.8329       0.7070       1.0435       0.0018       
18.1500      5.7863       5.7839       0.7006       1.0376       0.0018       
18.2500      5.7358       5.7353       0.6943       1.0317       0.0018       
18.3500      5.6857       5.6871       0.6881       1.0259       0.0018       
18.4500      5.6360       5.6395       0.6818       1.0201       0.0017       
18.5500      5.5867       5.5922       0.6757       1.0142       0.0017       
18.6500      5.5377       5.5454       0.6695       1.0084       0.0017       
18.7500      5.4891       5.4991       0.6635       1.0026       0.0017       
18.8500      5.4409       5.4532       0.6575       0.9969       0.0017       
18.9500      5.3931       5.4078       0.6515       0.9911       0.0016       
19.0500      5.3457       5.3628       0.6456       0.9854       0.0016       
19.1500      5.2986       5.3182       0.6397       0.9796       0.0016       
19.2500      5.2520       5.2742       0.6339       0.9739       0.0016       
19.3500      5.2057       5.2305       0.6281       0.9682       0.0016       
19.4500      5.1599       5.1874       0.6224       0.9625       0.0016       
19.5500      5.1144       5.1447       0.6167       0.9568       0.0015       
19.6500      5.0693       5.1024       0.6111       0.9512       0.0015       
19.7500      5.0246       5.0606       0.6055       0.9456       0.0015       
19.8500      4.9803       5.0192       0.6000       0.9399       0.0015       
19.9500      4.9364       4.9783       0.5945       0.9343       0.0015       
