bin                 q                   Fx                  Icoh               
0                   0.025000            0.351215            -0.958827           1.481613           
1                   0.075000            1.053659            -0.958869           1.478501           
2                   0.125000            1.756142            -0.958926           1.473195           
3                   0.175000            2.458691            -0.958953           1.467406           
4                   0.225000            3.161333            -0.958885           1.463402           
5                   0.275000            3.864094            -0.958652           1.463686           
6                   0.325000            4.567000            -0.958183           1.470643           
7                   0.375000            5.270078            -0.957419           1.486181           
8                   0.425000            5.973354            -0.956319           1.511427           
9                   0.475000            6.676856            -0.954869           1.546505           
10                  0.525000            7.380610            -0.953087           1.590436           
11                  0.575000            8.084643            -0.951019           1.641156           
12                  0.625000            8.788982            -0.948743           1.695674           
13                  0.675000            9.493653            -0.946361           1.750328           
14                  0.725000            10.198685           -0.943988           1.801134           
15                  0.775000            10.904103           -0.941748           1.844169           
16                  0.825000            11.609937           -0.939757           1.875955           
17                  0.875000            12.316213           -0.938115           1.893800           
18                  0.925000            13.022958           -0.936898           1.896058           
19                  0.975000            13.730202           -0.936147           1.882279           
20                  1.025000            14.437972           -0.935866           1.853241           
21                  1.075000            15.146295           -0.936020           1.810853           
22                  1.125000            15.855202           -0.936540           1.757951           
23                  1.175000            16.564719           -0.937326           1.698008           
24                  1.225000            17.274877           -0.938260           1.634793           
25                  1.275000            17.985704           -0.939213           1.572009           
26                  1.325000            18.697229           -0.940060           1.512961           
27                  1.375000            19.409483           -0.940690           1.460277           
28                  1.425000            20.122494           -0.941019           1.415706           
29                  1.475000            20.836293           -0.940990           1.380025           
30                  1.525000            21.550911           -0.940589           1.353039           
31                  1.575000            22.266378           -0.939836           1.333682           
32                  1.625000            22.982726           -0.938785           1.320204           
33                  1.675000            23.699984           -0.937520           1.310405           
34                  1.725000            24.418186           -0.936143           1.301906           
35                  1.775000            25.137364           -0.934765           1.292420           
36                  1.825000            25.857549           -0.933492           1.279988           
37                  1.875000            26.578774           -0.932413           1.263174           
38                  1.925000            27.301074           -0.931596           1.241188           
39                  1.975000            28.024481           -0.931073           1.213927           
40                  2.025000            28.749029           -0.930842           1.181955           
41                  2.075000            29.474753           -0.930863           1.146402           
42                  2.125000            30.201689           -0.931066           1.108818           
43                  2.175000            30.929871           -0.931354           1.070987           
44                  2.225000            31.659335           -0.931615           1.034731           
45                  2.275000            32.390118           -0.931732           1.001720           
46                  2.325000            33.122258           -0.931596           0.973308           
47                  2.375000            33.855791           -0.931116           0.950408           
48                  2.425000            34.590756           -0.930230           0.933429           
49                  2.475000            35.327192           -0.928909           0.922249           
50                  2.525000            36.065138           -0.927165           0.916264           
51                  2.575000            36.804634           -0.925042           0.914463           
52                  2.625000            37.545722           -0.922619           0.915553           
53                  2.675000            38.288442           -0.919999           0.918097           
54                  2.725000            39.032837           -0.917299           0.920662           
55                  2.775000            39.778950           -0.914638           0.921957           
56                  2.825000            40.526825           -0.912124           0.920950           
57                  2.875000            41.276507           -0.909847           0.916949           
58                  2.925000            42.028040           -0.907864           0.909653           
59                  2.975000            42.781471           -0.906196           0.899155           
60                  3.025000            43.536848           -0.904827           0.885907           
61                  3.075000            44.294218           -0.903703           0.870659           
62                  3.125000            45.053632           -0.902740           0.854365           
63                  3.175000            45.815138           -0.901826           0.838079           
64                  3.225000            46.578790           -0.900842           0.822846           
65                  3.275000            47.344638           -0.899664           0.809604           
66                  3.325000            48.112736           -0.898180           0.799096           
67                  3.375000            48.883140           -0.896302           0.791814           
68                  3.425000            49.655905           -0.893969           0.787963           
69                  3.475000            50.431089           -0.891158           0.787464           
70                  3.525000            51.208750           -0.887882           0.789980           
71                  3.575000            51.988949           -0.884189           0.794963           
72                  3.625000            52.771746           -0.880154           0.801729           
73                  3.675000            53.557205           -0.875873           0.809533           
74                  3.725000            54.345391           -0.871447           0.817651           
75                  3.775000            55.136370           -0.866976           0.825456           
76                  3.825000            55.930209           -0.862543           0.832480           
77                  3.875000            56.726979           -0.858203           0.838457           
78                  3.925000            57.526752           -0.853978           0.843341           
79                  3.975000            58.329600           -0.849852           0.847310           
80                  4.025000            59.135600           -0.845772           0.850738           
81                  4.075000            59.944829           -0.841648           0.854152           
82                  4.125000            60.757368           -0.837365           0.858177           
83                  4.175000            61.573298           -0.832789           0.863472           
84                  4.225000            62.392704           -0.827783           0.870665           
85                  4.275000            63.215674           -0.822219           0.880292           
86                  4.325000            64.042297           -0.815985           0.892750           
87                  4.375000            64.872667           -0.809003           0.908263           
88                  4.425000            65.706878           -0.801229           0.926868           
89                  4.475000            66.545029           -0.792658           0.948419           
90                  4.525000            67.387223           -0.783326           0.972610           
91                  4.575000            68.233565           -0.773299           0.999015           
92                  4.625000            69.084162           -0.762667           1.027137           
93                  4.675000            69.939129           -0.751533           1.056467           
94                  4.725000            70.798580           -0.739998           1.086539           
95                  4.775000            71.662637           -0.728145           1.116986           
96                  4.825000            72.531425           -0.716031           1.147579           
97                  4.875000            73.405072           -0.703672           1.178262           
98                  4.925000            74.283712           -0.691040           1.209161           
99                  4.975000            75.167486           -0.678055           1.240587           
100                 5.025000            76.056537           -0.664594           1.273007           
101                 5.075000            76.951016           -0.650488           1.307020           
102                 5.125000            77.851079           -0.635539           1.343307           
103                 5.175000            78.756888           -0.619529           1.382585           
104                 5.225000            79.668613           -0.602231           1.425554           
105                 5.275000            80.586429           -0.583430           1.472854           
106                 5.325000            81.510521           -0.562926           1.525023           
107                 5.375000            82.441081           -0.540550           1.582478           
108                 5.425000            83.378309           -0.516170           1.645495           
109                 5.475000            84.322414           -0.489687           1.714219           
110                 5.525000            85.273616           -0.461039           1.788676           
111                 5.575000            86.232145           -0.430192           1.868802           
112                 5.625000            87.198240           -0.397130           1.954479           
113                 5.675000            88.172155           -0.361847           2.045568           
114                 5.725000            89.154154           -0.324334           2.141947           
115                 5.775000            90.144516           -0.284571           2.243539           
116                 5.825000            91.143535           -0.242520           2.350324           
117                 5.875000            92.151519           -0.198125           2.462344           
118                 5.925000            93.168795           -0.151316           2.579686           
119                 5.975000            94.195706           -0.102016           2.702450           
120                 6.025000            95.232617           -0.050161           2.830703           
121                 6.075000            96.279913           0.004285            2.964423           
122                 6.125000            97.338003           0.061304            3.103434           
123                 6.175000            98.407321           0.120799            3.247341           
124                 6.225000            99.488328           0.182573            3.395476           
125                 6.275000            100.581515          0.246309            3.546850           
126                 6.325000            101.687407          0.311552            3.700126           
127                 6.375000            102.806564          0.377706            3.853613           
128                 6.425000            103.939587          0.444036            4.005293           
129                 6.475000            105.087117          0.509681            4.152859           
130                 6.525000            106.249848          0.573674            4.293799           
131                 6.575000            107.428524          0.634978            4.425479           
132                 6.625000            108.623951          0.692525            4.545261           
133                 6.675000            109.836998          0.745259            4.650622           
134                 6.725000            111.068612          0.792188            4.739272           
135                 6.775000            112.319822          0.832430            4.809275           
136                 6.825000            113.591749          0.865256            4.859147           
137                 6.875000            114.885624          0.890127            4.887934           
138                 6.925000            116.202798          0.906725            4.895265           
139                 6.975000            117.544760          0.914965            4.881374           
140                 7.025000            118.913161          0.914999            4.847082           
141                 7.075000            120.309835          0.907210            4.793760           
142                 7.125000            121.736832          0.892183            4.723249           
143                 7.175000            123.196454          0.870679            4.637767           
144                 7.225000            124.691300          0.843587            4.539790           
145                 7.275000            126.224327          0.811882            4.431935           
146                 7.325000            127.798915          0.776572            4.316828           
147                 7.375000            129.418964          0.738647            4.196990           
148                 7.425000            131.089011          0.699040            4.074734           
149                 7.475000            132.814382          0.658587            3.952079           
150                 7.525000            134.601405          0.617993            3.830697           
151                 7.575000            136.457691          0.577824            3.711878           
152                 7.625000            138.392530          0.538490            3.596525           
153                 7.675000            140.417463          0.500257            3.485180           
154                 7.725000            142.547122          0.463255            3.378062           
155                 7.775000            144.800537          0.427502            3.275127           
156                 7.825000            147.203232          0.392933            3.176141           
157                 7.875000            149.790834          0.359424            3.080749           
158                 7.925000            152.615740          0.326828            2.988548           
159                 7.975000            155.760812          0.294999            2.899152           
160                 8.025000            159.372018          0.263818            2.812242           
161                 8.075000            163.757393          0.233209            2.727603           
162                 8.125000            169.877623          0.203148            2.645141           
163                 8.175000            -1.000000           0.173669            2.564889           
164                 8.225000            -1.000000           0.144857            2.486993           
165                 8.275000            -1.000000           0.116838            2.411685           
166                 8.325000            -1.000000           0.089768            2.339251           
167                 8.375000            -1.000000           0.063811            2.269994           
168                 8.425000            -1.000000           0.039125            2.204195           
169                 8.475000            -1.000000           0.015844            2.142076           
170                 8.525000            -1.000000           -0.005935           2.083777           
171                 8.575000            -1.000000           -0.026162           2.029335           
172                 8.625000            -1.000000           -0.044841           1.978680           
173                 8.675000            -1.000000           -0.062024           1.931637           
174                 8.725000            -1.000000           -0.077811           1.887940           
175                 8.775000            -1.000000           -0.092338           1.847256           
176                 8.825000            -1.000000           -0.105764           1.809212           
177                 8.875000            -1.000000           -0.118258           1.773423           
178                 8.925000            -1.000000           -0.129982           1.739526           
179                 8.975000            -1.000000           -0.141084           1.707198           
180                 9.025000            -1.000000           -0.151677           1.676187           
181                 9.075000            -1.000000           -0.161842           1.646314           
182                 9.125000            -1.000000           -0.171617           1.617485           
183                 9.175000            -1.000000           -0.181004           1.589681           
184                 9.225000            -1.000000           -0.189969           1.562951           
185                 9.275000            -1.000000           -0.198450           1.537395           
186                 9.325000            -1.000000           -0.206372           1.513138           
187                 9.375000            -1.000000           -0.213653           1.490315           
188                 9.425000            -1.000000           -0.220217           1.469043           
189                 9.475000            -1.000000           -0.226005           1.449407           
190                 9.525000            -1.000000           -0.230981           1.431446           
191                 9.575000            -1.000000           -0.235139           1.415144           
192                 9.625000            -1.000000           -0.238502           1.400429           
193                 9.675000            -1.000000           -0.241120           1.387180           
194                 9.725000            -1.000000           -0.243069           1.375235           
195                 9.775000            -1.000000           -0.244438           1.364408           
196                 9.825000            -1.000000           -0.245328           1.354502           
197                 9.875000            -1.000000           -0.245833           1.345329           
198                 9.925000            -1.000000           -0.246040           1.336724           
199                 9.975000            -1.000000           -0.246016           1.328556           
200                 10.025000           -1.000000           -0.245807           1.320740           
201                 10.075000           -1.000000           -0.245429           1.313239           
202                 10.125000           -1.000000           -0.244876           1.306059           
203                 10.175000           -1.000000           -0.244116           1.299247           
204                 10.225000           -1.000000           -0.243102           1.292879           
205                 10.275000           -1.000000           -0.241774           1.287049           
206                 10.325000           -1.000000           -0.240069           1.281850           
207                 10.375000           -1.000000           -0.237930           1.277369           
208                 10.425000           -1.000000           -0.235311           1.273666           
209                 10.475000           -1.000000           -0.232184           1.270774           
210                 10.525000           -1.000000           -0.228541           1.268689           
211                 10.575000           -1.000000           -0.224397           1.267371           
212                 10.625000           -1.000000           -0.219787           1.266748           
213                 10.675000           -1.000000           -0.214762           1.266723           
214                 10.725000           -1.000000           -0.209385           1.267183           
215                 10.775000           -1.000000           -0.203723           1.268012           
216                 10.825000           -1.000000           -0.197840           1.269099           
217                 10.875000           -1.000000           -0.191789           1.270354           
218                 10.925000           -1.000000           -0.185610           1.271710           
219                 10.975000           -1.000000           -0.179323           1.273134           
220                 11.025000           -1.000000           -0.172929           1.274622           
221                 11.075000           -1.000000           -0.166406           1.276203           
222                 11.125000           -1.000000           -0.159719           1.277929           
223                 11.175000           -1.000000           -0.152821           1.279867           
224                 11.225000           -1.000000           -0.145657           1.282090           
225                 11.275000           -1.000000           -0.138180           1.284667           
226                 11.325000           -1.000000           -0.130347           1.287649           
227                 11.375000           -1.000000           -0.122136           1.291060           
228                 11.425000           -1.000000           -0.113542           1.294895           
229                 11.475000           -1.000000           -0.104588           1.299114           
230                 11.525000           -1.000000           -0.095317           1.303641           
231                 11.575000           -1.000000           -0.085799           1.308372           
232                 11.625000           -1.000000           -0.076118           1.313178           
233                 11.675000           -1.000000           -0.066373           1.317917           
234                 11.725000           -1.000000           -0.056666           1.322447           
235                 11.775000           -1.000000           -0.047094           1.326633           
236                 11.825000           -1.000000           -0.037744           1.330359           
237                 11.875000           -1.000000           -0.028686           1.333539           
238                 11.925000           -1.000000           -0.019965           1.336121           
239                 11.975000           -1.000000           -0.011599           1.338090           
240                 12.025000           -1.000000           -0.003581           1.339468           
241                 12.075000           -1.000000           0.004123            1.340309           
242                 12.125000           -1.000000           0.011564            1.340694           
243                 12.175000           -1.000000           0.018808            1.340717           
244                 12.225000           -1.000000           0.025930            1.340481           
245                 12.275000           -1.000000           0.032999            1.340083           
246                 12.325000           -1.000000           0.040077            1.339603           
247                 12.375000           -1.000000           0.047209            1.339100           
248                 12.425000           -1.000000           0.054418            1.338602           
249                 12.475000           -1.000000           0.061702            1.338107           
250                 12.525000           -1.000000           0.069035            1.337579           
251                 12.575000           -1.000000           0.076365            1.336957           
252                 12.625000           -1.000000           0.083624            1.336154           
253                 12.675000           -1.000000           0.090727            1.335072           
254                 12.725000           -1.000000           0.097585            1.333607           
255                 12.775000           -1.000000           0.104107            1.331658           
256                 12.825000           -1.000000           0.110215            1.329139           
257                 12.875000           -1.000000           0.115841            1.325983           
258                 12.925000           -1.000000           0.120938            1.322149           
259                 12.975000           -1.000000           0.125483            1.317623           
260                 13.025000           -1.000000           0.129473            1.312419           
261                 13.075000           -1.000000           0.132930            1.306575           
262                 13.125000           -1.000000           0.135890            1.300149           
263                 13.175000           -1.000000           0.138405            1.293212           
264                 13.225000           -1.000000           0.140532            1.285841           
265                 13.275000           -1.000000           0.142328            1.278110           
266                 13.325000           -1.000000           0.143844            1.270085           
267                 13.375000           -1.000000           0.145120            1.261817           
268                 13.425000           -1.000000           0.146179            1.253338           
269                 13.475000           -1.000000           0.147028            1.244661           
270                 13.525000           -1.000000           0.147655            1.235779           
271                 13.575000           -1.000000           0.148032            1.226666           
272                 13.625000           -1.000000           0.148117            1.217287           
273                 13.675000           -1.000000           0.147861            1.207597           
274                 13.725000           -1.000000           0.147213            1.197549           
275                 13.775000           -1.000000           0.146125            1.187105           
276                 13.825000           -1.000000           0.144556            1.176233           
277                 13.875000           -1.000000           0.142479            1.164917           
278                 13.925000           -1.000000           0.139884            1.153159           
279                 13.975000           -1.000000           0.136778            1.140979           
280                 14.025000           -1.000000           0.133184            1.128411           
281                 14.075000           -1.000000           0.129143            1.115506           
282                 14.125000           -1.000000           0.124705            1.102325           
283                 14.175000           -1.000000           0.119931            1.088934           
284                 14.225000           -1.000000           0.114881            1.075400           
285                 14.275000           -1.000000           0.109616            1.061786           
286                 14.325000           -1.000000           0.104189            1.048147           
287                 14.375000           -1.000000           0.098643            1.034527           
288                 14.425000           -1.000000           0.093009            1.020956           
289                 14.475000           -1.000000           0.087305            1.007453           
290                 14.525000           -1.000000           0.081538            0.994025           
291                 14.575000           -1.000000           0.075704            0.980670           
292                 14.625000           -1.000000           0.069795            0.967379           
293                 14.675000           -1.000000           0.063799            0.954144           
294                 14.725000           -1.000000           0.057706            0.940958           
295                 14.775000           -1.000000           0.051513            0.927818           
296                 14.825000           -1.000000           0.045227            0.914732           
297                 14.875000           -1.000000           0.038865            0.901716           
298                 14.925000           -1.000000           0.032455            0.888796           
299                 14.975000           -1.000000           0.026040            0.876006           
300                 15.025000           -1.000000           0.019667            0.863388           
301                 15.075000           -1.000000           0.013392            0.850987           
302                 15.125000           -1.000000           0.007273            0.838847           
303                 15.175000           -1.000000           0.001363            0.827009           
304                 15.225000           -1.000000           -0.004292           0.815504           
305                 15.275000           -1.000000           -0.009658           0.804355           
306                 15.325000           -1.000000           -0.014714           0.793572           
307                 15.375000           -1.000000           -0.019454           0.783152           
308                 15.425000           -1.000000           -0.023890           0.773080           
309                 15.475000           -1.000000           -0.028046           0.763329           
310                 15.525000           -1.000000           -0.031958           0.753865           
311                 15.575000           -1.000000           -0.035668           0.744651           
312                 15.625000           -1.000000           -0.039219           0.735649           
313                 15.675000           -1.000000           -0.042650           0.726825           
314                 15.725000           -1.000000           -0.045995           0.718153           
315                 15.775000           -1.000000           -0.049272           0.709615           
316                 15.825000           -1.000000           -0.052486           0.701206           
317                 15.875000           -1.000000           -0.055624           0.692935           
318                 15.925000           -1.000000           -0.058659           0.684818           
319                 15.975000           -1.000000           -0.061550           0.676883           
320                 16.025000           -1.000000           -0.064246           0.669164           
321                 16.075000           -1.000000           -0.066692           0.661696           
322                 16.125000           -1.000000           -0.068833           0.654511           
323                 16.175000           -1.000000           -0.070623           0.647637           
324                 16.225000           -1.000000           -0.072026           0.641091           
325                 16.275000           -1.000000           -0.073024           0.634878           
326                 16.325000           -1.000000           -0.073619           0.628990           
327                 16.375000           -1.000000           -0.073835           0.623404           
328                 16.425000           -1.000000           -0.073714           0.618084           
329                 16.475000           -1.000000           -0.073318           0.612983           
330                 16.525000           -1.000000           -0.072723           0.608046           
331                 16.575000           -1.000000           -0.072013           0.603217           
332                 16.625000           -1.000000           -0.071271           0.598439           
333                 16.675000           -1.000000           -0.070579           0.593659           
334                 16.725000           -1.000000           -0.070003           0.588836           
335                 16.775000           -1.000000           -0.069594           0.583941           
336                 16.825000           -1.000000           -0.069379           0.578958           
337                 16.875000           -1.000000           -0.069363           0.573889           
338                 16.925000           -1.000000           -0.069524           0.568749           
339                 16.975000           -1.000000           -0.069816           0.563570           
340                 17.025000           -1.000000           -0.070174           0.558392           
341                 17.075000           -1.000000           -0.070518           0.553264           
342                 17.125000           -1.000000           -0.070758           0.548238           
343                 17.175000           -1.000000           -0.070803           0.543366           
344                 17.225000           -1.000000           -0.070568           0.538694           
345                 17.275000           -1.000000           -0.069978           0.534261           
346                 17.325000           -1.000000           -0.068977           0.530093           
347                 17.375000           -1.000000           -0.067530           0.526203           
348                 17.425000           -1.000000           -0.065626           0.522591           
349                 17.475000           -1.000000           -0.063280           0.519242           
350                 17.525000           -1.000000           -0.060527           0.516130           
351                 17.575000           -1.000000           -0.057425           0.513217           
352                 17.625000           -1.000000           -0.054047           0.510460           
353                 17.675000           -1.000000           -0.050476           0.507810           
354                 17.725000           -1.000000           -0.046799           0.505218           
355                 17.775000           -1.000000           -0.043101           0.502638           
356                 17.825000           -1.000000           -0.039461           0.500031           
357                 17.875000           -1.000000           -0.035945           0.497362           
358                 17.925000           -1.000000           -0.032602           0.494608           
359                 17.975000           -1.000000           -0.029465           0.491755           
360                 18.025000           -1.000000           -0.026548           0.488799           
361                 18.075000           -1.000000           -0.023847           0.485747           
362                 18.125000           -1.000000           -0.021341           0.482610           
363                 18.175000           -1.000000           -0.018997           0.479407           
364                 18.225000           -1.000000           -0.016773           0.476162           
365                 18.275000           -1.000000           -0.014622           0.472898           
366                 18.325000           -1.000000           -0.012497           0.469639           
367                 18.375000           -1.000000           -0.010353           0.466407           
368                 18.425000           -1.000000           -0.008152           0.463218           
369                 18.475000           -1.000000           -0.005867           0.460086           
370                 18.525000           -1.000000           -0.003480           0.457016           
371                 18.575000           -1.000000           -0.000987           0.454010           
372                 18.625000           -1.000000           0.001603            0.451062           
373                 18.675000           -1.000000           0.004270            0.448164           
374                 18.725000           -1.000000           0.006986            0.445299           
375                 18.775000           -1.000000           0.009711            0.442452           
376                 18.825000           -1.000000           0.012403            0.439604           
377                 18.875000           -1.000000           0.015015            0.436735           
378                 18.925000           -1.000000           0.017502            0.433827           
379                 18.975000           -1.000000           0.019820            0.430862           
380                 19.025000           -1.000000           0.021932            0.427828           
381                 19.075000           -1.000000           0.023808            0.424715           
382                 19.125000           -1.000000           0.025429            0.421516           
383                 19.175000           -1.000000           0.026786            0.418232           
384                 19.225000           -1.000000           0.027883            0.414867           
385                 19.275000           -1.000000           0.028736            0.411430           
386                 19.325000           -1.000000           0.029375            0.407935           
387                 19.375000           -1.000000           0.029839            0.404400           
388                 19.425000           -1.000000           0.030177            0.400847           
389                 19.475000           -1.000000           0.030446            0.397297           
390                 19.525000           -1.000000           0.030706            0.393775           
391                 19.575000           -1.000000           0.031020            0.390304           
392                 19.625000           -1.000000           0.031445            0.386905           
393                 19.675000           -1.000000           0.032034            0.383596           
394                 19.725000           -1.000000           0.032827            0.380390           
395                 19.775000           -1.000000           0.033850            0.377295           
396                 19.825000           -1.000000           0.035113            0.374312           
397                 19.875000           -1.000000           0.036606            0.371434           
398                 19.925000           -1.000000           0.038301            0.368649           
399                 19.975000           -1.000000           0.040148            0.365938           
