Nall = 816                 
rho = 0.03166
type                W_SB                SB_W                W_SO                SO_W                W_SN                SN_W                W_SS                SS_W                SB_SB               SB_SO               SO_SB               SB_SN               SN_SB               SB_SS               SS_SB               SO_SO               SO_SN               SN_SO               SO_SS               SS_SO               SN_SN               SN_SS               SS_SN               SS_SS               
ca                  0.98039             0.00490             0.98039             0.00490             0.98039             0.00490             0.98039             0.00490             0.00490             0.00490             0.00490             0.00490             0.00490             0.00490             0.00490             0.00490             0.00490             0.00490             0.00490             0.00490             0.00490             0.00490             0.00490             0.00490             
cb                  0.00490             0.98039             0.00490             0.98039             0.00490             0.98039             0.00490             0.98039             0.00490             0.00490             0.00490             0.00490             0.00490             0.00490             0.00490             0.00490             0.00490             0.00490             0.00490             0.00490             0.00490             0.00490             0.00490             0.00490             
0.25000             0.00000             0.00000             0.00000             0.00000             0.00000             0.00000             0.00000             0.00000             0.00000             0.00000             0.00000             0.00000             0.00000             0.00000             0.00000             0.00000             0.00000             0.00000             0.00000             0.00000             0.00000             0.00000             0.00000             0.00000             
0.75000             0.00000             0.00000             0.00000             0.00000             0.00000             0.00000             0.00000             0.00000             0.00000             0.00000             0.00000             0.00000             0.00000             0.00000             0.00000             0.00000             0.00000             0.00000             0.00000             0.00000             0.00000             0.00000             0.00000             0.00000             
1.25000             0.00000             0.00000             0.00000             0.00000             0.00000             0.00000             0.00000             0.00000             0.00000             0.00000             0.00000             0.00000             0.00000             0.00000             0.00000             0.00000             0.00000             0.00000             0.00000             0.00000             0.00000             0.00000             0.00000             0.00000             
1.75000             0.00000             0.00000             0.00000             0.00000             0.00000             0.00000             0.00000             0.00000             0.00000             0.00000             0.00000             0.00000             0.00000             0.00000             0.00000             0.00000             0.00000             0.00000             0.00000             0.00000             0.00000             0.00000             0.00000             0.00000             
2.25000             0.00000             0.00000             0.00000             0.00000             0.00000             0.00000             0.00000             0.00000             0.00000             0.00000             0.00000             0.00000             0.00000             0.00000             0.00000             0.00000             0.00000             0.00000             0.00000             0.00000             0.00000             0.00000             0.00000             0.00000             
2.75000             0.00000             0.00000             0.00000             0.00000             0.00000             0.00000             0.00000             0.00000             0.00000             130.15771           130.15771           0.00000             0.00000             0.00000             0.00000             0.00000             0.00000             0.00000             0.00000             0.00000             0.00000             0.00000             0.00000             0.00000             
3.25000             0.00000             0.00000             0.00000             0.00000             0.00000             0.00000             0.00000             0.00000             0.00000             3.63361             3.63361             0.00000             0.00000             0.00000             0.00000             0.00000             4.84481             4.84481             0.00000             0.00000             0.00000             0.00000             0.00000             0.00000             
3.75000             0.00000             0.00000             0.00000             0.00000             0.00000             0.00000             0.00000             0.00000             0.00000             0.00000             0.00000             0.00000             0.00000             0.00000             0.00000             0.00000             46.41988            46.41988            0.00000             0.00000             0.00000             0.00000             0.00000             0.00000             
4.25000             0.00000             0.00000             0.00000             0.00000             0.00000             0.00000             0.00000             0.00000             0.00000             0.00000             0.00000             0.00000             0.00000             0.00000             0.00000             0.00000             17.72152            17.72152            0.00000             0.00000             0.00000             0.70886             0.70886             0.00000             
4.75000             0.00000             0.00000             0.00000             0.00000             0.00000             0.00000             0.00000             0.00000             0.00000             0.00000             0.00000             0.00000             0.00000             0.00000             0.00000             0.00000             0.00000             0.00000             0.00000             0.00000             0.00000             17.02835            17.02835            0.00000             
5.25000             0.00000             0.00000             0.00000             0.00000             0.00000             0.00000             0.00000             0.00000             0.00000             0.00000             0.00000             2.78833             2.78833             0.00000             0.00000             0.00000             0.00000             0.00000             0.00000             0.00000             0.00000             22.77135            22.77135            0.00000             
5.75000             0.00000             0.00000             0.00000             0.00000             0.00000             0.00000             0.00000             0.00000             0.00000             0.00000             0.00000             10.84896            10.84896            0.00000             0.00000             0.00000             0.00000             0.00000             0.00000             0.00000             0.00000             0.00000             0.00000             0.00000             
6.25000             0.00000             0.00000             0.00000             0.00000             0.00000             0.00000             0.00000             0.00000             0.00000             0.00000             0.00000             6.23163             6.23163             0.32798             0.32798             0.00000             0.00000             0.00000             0.32798             0.32798             0.00000             0.00000             0.00000             0.00000             
6.75000             0.00000             0.00000             0.00000             0.00000             0.00000             0.00000             0.00000             0.00000             0.00000             0.00000             0.00000             7.31150             7.31150             1.40606             1.40606             0.00000             0.00000             0.00000             3.37454             3.37454             0.00000             0.00000             0.00000             0.00000             
7.25000             0.00000             0.00000             0.00000             0.00000             0.00000             0.00000             0.00000             0.00000             0.00000             0.00000             0.00000             0.24378             0.24378             0.97510             0.97510             0.00000             0.00000             0.00000             3.90042             3.90042             0.00000             0.00000             0.00000             0.00000             
7.75000             0.00000             0.00000             0.00000             0.00000             0.00000             0.00000             0.00000             0.00000             0.00000             0.00000             0.00000             0.00000             0.00000             0.85339             0.85339             0.00000             0.00000             0.00000             5.54701             5.54701             0.00000             0.00000             0.00000             0.00000             
8.25000             0.00000             0.00000             0.00000             0.00000             0.00000             0.00000             0.00000             0.00000             0.00000             0.00000             0.00000             0.00000             0.00000             0.56483             0.56483             0.00000             0.00000             0.00000             4.70694             4.70694             0.00000             0.00000             0.00000             0.00000             
8.75000             0.00000             0.00000             0.00000             0.00000             0.00000             0.00000             0.00000             0.00000             0.00000             0.00000             0.00000             0.00000             0.00000             1.50643             1.50643             0.00000             0.00000             0.00000             0.00000             0.00000             0.00000             0.00000             0.00000             0.00000             
9.25000             0.00000             0.00000             0.00000             0.00000             0.00000             0.00000             0.00000             0.00000             0.00000             0.00000             0.00000             0.00000             0.00000             1.79734             1.79734             0.00000             0.00000             0.00000             0.00000             0.00000             0.00000             0.00000             0.00000             0.00000             
9.75000             0.00000             0.00000             0.00000             0.00000             0.00000             0.00000             0.00000             0.00000             0.00000             0.00000             0.00000             0.00000             0.00000             3.37035             3.37035             0.00000             0.00000             0.00000             0.00000             0.00000             0.00000             0.00000             0.00000             0.00000             
10.25000            0.00000             0.00000             0.00000             0.00000             0.00000             0.00000             0.00000             0.00000             0.00000             0.00000             0.00000             0.00000             0.00000             1.21985             1.21985             0.00000             0.00000             0.00000             0.00000             0.00000             0.00000             0.00000             0.00000             0.00000             
10.75000            0.00000             0.00000             0.00000             0.00000             0.00000             0.00000             0.00000             0.00000             0.00000             0.00000             0.00000             0.00000             0.00000             0.66542             0.66542             0.00000             0.00000             0.00000             0.00000             0.00000             0.00000             0.00000             0.00000             0.00000             
11.25000            0.00000             0.00000             0.00000             0.00000             0.00000             0.00000             0.00000             0.00000             0.00000             0.00000             0.00000             0.00000             0.00000             0.10127             0.10127             0.00000             0.00000             0.00000             0.00000             0.00000             0.00000             0.00000             0.00000             0.00000             
11.75000            0.00000             0.00000             0.00000             0.00000             0.00000             0.00000             0.00000             0.00000             0.00000             0.00000             0.00000             0.00000             0.00000             0.00000             0.00000             0.00000             0.00000             0.00000             0.00000             0.00000             0.00000             0.00000             0.00000             0.00000             
12.25000            0.00000             0.00000             0.00000             0.00000             0.00000             0.00000             0.00000             0.00000             0.00000             0.00000             0.00000             0.00000             0.00000             0.00000             0.00000             0.00000             0.00000             0.00000             0.00000             0.00000             0.00000             0.00000             0.00000             0.00000             
12.75000            0.00000             0.00000             0.00000             0.00000             0.00000             0.00000             0.00000             0.00000             0.00000             0.00000             0.00000             0.00000             0.00000             0.00000             0.00000             0.00000             0.00000             0.00000             0.00000             0.00000             0.00000             0.00000             0.00000             0.00000             
13.25000            0.00000             0.00000             0.00000             0.00000             0.00000             0.00000             0.00000             0.00000             0.00000             0.00000             0.00000             0.00000             0.00000             0.00000             0.00000             0.00000             0.00000             0.00000             0.00000             0.00000             0.00000             0.00000             0.00000             0.00000             
13.75000            0.00000             0.00000             0.00000             0.00000             0.00000             0.00000             0.00000             0.00000             0.00000             0.00000             0.00000             0.00000             0.00000             0.00000             0.00000             0.00000             0.00000             0.00000             0.00000             0.00000             0.00000             0.00000             0.00000             0.00000             
14.25000            0.00000             0.00000             0.00000             0.00000             0.00000             0.00000             0.00000             0.00000             0.00000             0.00000             0.00000             0.00000             0.00000             0.00000             0.00000             0.00000             0.00000             0.00000             0.00000             0.00000             0.00000             0.00000             0.00000             0.00000             
14.75000            0.00000             0.00000             0.00000             0.00000             0.00000             0.00000             0.00000             0.00000             0.00000             0.00000             0.00000             0.00000             0.00000             0.00000             0.00000             0.00000             0.00000             0.00000             0.00000             0.00000             0.00000             0.00000             0.00000             0.00000             
